0 0.703125 0.740278 0.052083 0.069444
2 0.310417 0.795833 0.031250 0.041667
1 0.287500 0.930556 0.052083 0.069444
1 0.572917 0.909722 0.052083 0.069444
1 0.945833 0.888889 0.052083 0.069444
1 0.017708 0.763889 0.052083 0.069444
1 0.475000 0.687500 0.052083 0.069444
2 0.069792 0.408333 0.031250 0.041667
1 0.505208 0.618056 0.052083 0.069444
2 0.109375 0.320833 0.031250 0.041667
1 0.164583 0.479167 0.052083 0.069444
1 1.003125 0.465278 0.052083 0.069444
1 0.423958 0.416667 0.052083 0.069444
1 0.615625 0.395833 0.052083 0.069444
1 0.834375 0.361111 0.052083 0.069444
2 0.653125 0.208333 0.031250 0.041667
2 0.191667 0.187500 0.031250 0.041667
2 0.901042 0.183333 0.031250 0.041667
1 0.779167 0.069444 0.052083 0.069444
2 0.362500 0.033333 0.031250 0.041667