0 0.796875 0.740278 0.052083 0.069444
2 0.514583 0.929167 0.031250 0.041667
2 0.212500 0.629167 0.031250 0.041667
1 1.026042 0.965278 0.052083 0.069444
1 0.287500 0.958333 0.052083 0.069444
1 0.453125 0.930556 0.052083 0.069444
2 0.912500 0.541667 0.031250 0.041667
1 0.985417 0.888889 0.052083 0.069444
1 0.198958 0.854167 0.052083 0.069444
2 0.754167 0.495833 0.031250 0.041667
2 0.702083 0.462500 0.031250 0.041667
1 0.546875 0.729167 0.052083 0.069444
1 0.190625 0.708333 0.052083 0.069444
1 0.447917 0.284722 0.052083 0.069444
2 0.820833 0.154167 0.031250 0.041667
2 0.272917 0.133333 0.031250 0.041667
1 0.963542 0.180556 0.052083 0.069444
1 0.214583 0.111111 0.052083 0.069444
2 0.283333 0.025000 0.031250 0.041667
2 0.509375 0.016667 0.031250 0.041667
4 0.435417 0.916667 0.333333 0.166667