0 0.744792 0.715278 0.052083 0.069444
2 0.381250 0.641667 0.031250 0.041667
2 0.407292 0.604167 0.031250 0.041667
1 0.635417 0.923611 0.052083 0.069444
2 0.590625 0.475000 0.031250 0.041667
2 0.887500 0.433333 0.031250 0.041667
1 0.215625 0.687500 0.052083 0.069444
1 0.802083 0.604167 0.052083 0.069444
1 0.559375 0.465278 0.052083 0.069444
1 0.102083 0.437500 0.052083 0.069444
1 0.137500 0.430556 0.052083 0.069444
2 0.218750 0.241667 0.031250 0.041667
1 0.703125 0.395833 0.052083 0.069444
2 0.451042 0.120833 0.031250 0.041667
2 0.204167 0.016667 0.031250 0.041667
1 0.455208 -0.013889 0.052083 0.069444
1 0.271875 -0.027778 0.052083 0.069444