0 0.817708 0.890278 0.052083 0.069444
2 0.138542 0.850000 0.031250 0.041667
2 0.922917 0.637500 0.031250 0.041667
1 0.736458 0.993056 0.052083 0.069444
1 0.938542 0.819444 0.052083 0.069444
1 0.167708 0.763889 0.052083 0.069444
2 0.502083 0.429167 0.031250 0.041667
1 0.413542 0.618056 0.052083 0.069444
1 0.092708 0.541667 0.052083 0.069444
2 0.033333 0.291667 0.031250 0.041667
1 0.961458 0.451389 0.052083 0.069444
1 0.233333 0.125000 0.052083 0.069444
2 0.430208 0.020833 0.031250 0.041667
1 0.057292 -0.013889 0.052083 0.069444