0 0.515625 0.965278 0.052083 0.069444
2 0.086458 0.987500 0.031250 0.041667
2 0.738542 0.741667 0.031250 0.041667
2 0.717708 0.700000 0.031250 0.041667
2 0.371875 0.604167 0.031250 0.041667
1 0.367708 0.625000 0.052083 0.069444
2 0.313542 0.341667 0.031250 0.041667
1 0.462500 0.409722 0.052083 0.069444
1 0.384375 0.326389 0.052083 0.069444
2 0.198958 0.129167 0.031250 0.041667
1 0.276042 0.152778 0.052083 0.069444
1 0.376042 0.111111 0.052083 0.069444
2 0.893750 0.062500 0.031250 0.041667
2 0.855208 0.050000 0.031250 0.041667
1 0.654167 0.027778 0.052083 0.069444
3 0.405208 0.916667 0.333333 0.166667