0 0.390625 0.809722 0.052083 0.069444
2 0.028125 0.787500 0.031250 0.041667
2 0.096875 0.683333 0.031250 0.041667
2 0.225000 0.675000 0.031250 0.041667
1 0.696875 1.027778 0.052083 0.069444
1 0.522917 0.979167 0.052083 0.069444
1 0.169792 0.958333 0.052083 0.069444
1 0.240625 0.763889 0.052083 0.069444
1 0.675000 0.750000 0.052083 0.069444
1 0.987500 0.715278 0.052083 0.069444
1 0.189583 0.694444 0.052083 0.069444
1 0.605208 0.652778 0.052083 0.069444
1 0.637500 0.541667 0.052083 0.069444
2 0.160417 0.266667 0.031250 0.041667
2 0.303125 0.145833 0.031250 0.041667