0 0.494792 0.751389 0.052083 0.069444
2 0.693750 0.850000 0.031250 0.041667
1 0.962500 0.965278 0.052083 0.069444
1 0.253125 0.951389 0.052083 0.069444
1 0.621875 0.944444 0.052083 0.069444
1 1.020833 0.833333 0.052083 0.069444
2 0.433333 0.495833 0.031250 0.041667
1 0.694792 0.673611 0.052083 0.069444
1 0.171875 0.666667 0.052083 0.069444
1 0.818750 0.652778 0.052083 0.069444
1 0.746875 0.562500 0.052083 0.069444
1 -0.022917 0.444444 0.052083 0.069444
2 0.470833 0.241667 0.031250 0.041667
1 0.538542 0.201389 0.052083 0.069444
2 0.564583 0.083333 0.031250 0.041667
1 0.327083 0.048611 0.052083 0.069444
3 0.760417 0.916667 0.333333 0.166667