0 0.515625 0.965278 0.052083 0.069444
1 0.011458 1.027778 0.052083 0.069444
1 0.958333 0.895833 0.052083 0.069444
1 0.563542 0.701389 0.052083 0.069444
1 0.705208 0.673611 0.052083 0.069444
1 0.897917 0.652778 0.052083 0.069444
1 0.420833 0.520833 0.052083 0.069444
1 0.757292 0.472222 0.052083 0.069444
1 0.329167 0.375000 0.052083 0.069444
1 0.768750 0.361111 0.052083 0.069444
1 0.205208 0.138889 0.052083 0.069444
1 0.562500 0.125000 0.052083 0.069444
1 0.097917 0.111111 0.052083 0.069444
1 0.614583 0.104167 0.052083 0.069444