0 0.286458 0.965278 0.052083 0.069444
2 0.873958 0.937500 0.031250 0.041667
1 0.920833 0.986111 0.052083 0.069444
1 0.466667 0.784722 0.052083 0.069444
1 0.646875 0.687500 0.052083 0.069444
1 0.531250 0.625000 0.052083 0.069444
1 0.191667 0.611111 0.052083 0.069444
1 0.598958 0.486111 0.052083 0.069444
1 0.806250 0.437500 0.052083 0.069444
1 1.019792 0.423611 0.052083 0.069444
1 0.319792 0.388889 0.052083 0.069444
1 0.578125 0.166667 0.052083 0.069444
1 0.530208 0.062500 0.052083 0.069444
1 0.287500 0.048611 0.052083 0.069444
1 0.192708 0.041667 0.052083 0.069444