0 0.765625 0.938889 0.052083 0.069444
2 0.795833 0.704167 0.031250 0.041667
2 0.381250 0.633333 0.031250 0.041667
2 0.875000 0.562500 0.031250 0.041667
1 0.015625 0.916667 0.052083 0.069444
2 0.371875 0.533333 0.031250 0.041667
1 0.059375 0.861111 0.052083 0.069444
2 -0.015625 0.487500 0.031250 0.041667
1 0.173958 0.687500 0.052083 0.069444
1 0.447917 0.569444 0.052083 0.069444
1 0.816667 0.506944 0.052083 0.069444
2 0.752083 0.275000 0.031250 0.041667
1 0.552083 0.451389 0.052083 0.069444
1 0.008333 0.368056 0.052083 0.069444
1 0.233333 0.319444 0.052083 0.069444
1 0.661458 0.263889 0.052083 0.069444
1 0.257292 0.222222 0.052083 0.069444
1 0.622917 0.020833 0.052083 0.069444
1 0.780208 0.006944 0.052083 0.069444
4 0.277083 0.916667 0.333333 0.166667