0 0.682292 0.730556 0.052083 0.069444
2 0.040625 0.883333 0.031250 0.041667
2 0.309375 0.820833 0.031250 0.041667
2 0.635417 0.725000 0.031250 0.041667
2 0.568750 0.612500 0.031250 0.041667
2 0.546875 0.529167 0.031250 0.041667
1 0.892708 0.736111 0.052083 0.069444
2 0.764583 0.395833 0.031250 0.041667
2 0.545833 0.250000 0.031250 0.041667
2 0.581250 0.233333 0.031250 0.041667
1 0.077083 0.340278 0.052083 0.069444
1 0.815625 0.305556 0.052083 0.069444
2 0.359375 0.066667 0.031250 0.041667
2 0.664583 -0.004167 0.031250 0.041667
3 0.434375 0.916667 0.333333 0.166667