0 0.453125 0.781944 0.052083 0.069444
1 0.096875 0.979167 0.052083 0.069444
1 1.005208 0.902778 0.052083 0.069444
1 0.633333 0.847222 0.052083 0.069444
1 0.989583 0.666667 0.052083 0.069444
1 0.769792 0.638889 0.052083 0.069444
1 0.013542 0.611111 0.052083 0.069444
1 0.868750 0.604167 0.052083 0.069444
1 -0.016667 0.381944 0.052083 0.069444
1 0.586458 0.319444 0.052083 0.069444
1 0.357292 0.312500 0.052083 0.069444
1 0.261458 0.277778 0.052083 0.069444
1 0.804167 0.243056 0.052083 0.069444
1 0.968750 0.000000 0.052083 0.069444