0 0.723958 0.715278 0.052083 0.069444
2 0.246875 0.770833 0.031250 0.041667
1 0.284375 0.902778 0.052083 0.069444
2 0.396875 0.508333 0.031250 0.041667
1 0.545833 0.687500 0.052083 0.069444
1 0.509375 0.604167 0.052083 0.069444
2 0.323958 0.295833 0.031250 0.041667
1 0.359375 0.430556 0.052083 0.069444
1 0.417708 0.388889 0.052083 0.069444
2 0.977083 0.229167 0.031250 0.041667
2 0.980208 0.216667 0.031250 0.041667
1 0.779167 0.305556 0.052083 0.069444
1 0.768750 0.236111 0.052083 0.069444
1 0.685417 0.215278 0.052083 0.069444
1 0.527083 0.187500 0.052083 0.069444
1 0.868750 0.145833 0.052083 0.069444
1 0.175000 0.083333 0.052083 0.069444
2 0.105208 0.020833 0.031250 0.041667
3 0.405208 0.916667 0.333333 0.166667