0 0.213542 0.709722 0.052083 0.069444
2 0.301042 0.800000 0.031250 0.041667
1 0.562500 1.006944 0.052083 0.069444
2 -0.010417 0.587500 0.031250 0.041667
1 0.272917 0.965278 0.052083 0.069444
1 0.439583 0.909722 0.052083 0.069444
1 0.450000 0.798611 0.052083 0.069444
1 0.173958 0.541667 0.052083 0.069444
1 0.879167 0.486111 0.052083 0.069444
2 0.795833 0.204167 0.031250 0.041667
2 0.506250 0.133333 0.031250 0.041667
2 0.215625 0.062500 0.031250 0.041667
1 0.818750 0.083333 0.052083 0.069444
2 0.746875 0.033333 0.031250 0.041667
1 0.059375 0.027778 0.052083 0.069444
2 0.766667 -0.012500 0.031250 0.041667
3 0.277083 0.916667 0.333333 0.166667