0 0.276042 0.965278 0.052083 0.069444
2 0.662500 0.937500 0.031250 0.041667
2 0.234375 0.675000 0.031250 0.041667
2 0.131250 0.666667 0.031250 0.041667
1 0.521875 1.013889 0.052083 0.069444
1 0.879167 0.944444 0.052083 0.069444
1 0.730208 0.923611 0.052083 0.069444
1 0.997917 0.729167 0.052083 0.069444
2 0.350000 0.391667 0.031250 0.041667
1 0.243750 0.368056 0.052083 0.069444
1 0.618750 0.201389 0.052083 0.069444
1 0.138542 0.187500 0.052083 0.069444
1 0.507292 0.180556 0.052083 0.069444
1 0.906250 0.069444 0.052083 0.069444
2 0.662500 0.037500 0.031250 0.041667