0 0.661458 0.965278 0.052083 0.069444
2 0.355208 0.620833 0.031250 0.041667
1 0.418750 0.791667 0.052083 0.069444
1 0.313542 0.770833 0.052083 0.069444
1 0.998958 0.694444 0.052083 0.069444
1 0.398958 0.638889 0.052083 0.069444
1 0.806250 0.604167 0.052083 0.069444
1 0.356250 0.423611 0.052083 0.069444
1 0.651042 0.340278 0.052083 0.069444
1 0.543750 0.291667 0.052083 0.069444
1 0.048958 0.256944 0.052083 0.069444
1 0.476042 0.208333 0.052083 0.069444
1 0.358333 0.180556 0.052083 0.069444
1 0.262500 0.013889 0.052083 0.069444
1 0.866667 -0.034722 0.052083 0.069444