0 0.494792 0.965278 0.052083 0.069444
2 0.631250 0.766667 0.031250 0.041667
1 0.337500 0.993056 0.052083 0.069444
1 0.900000 0.826389 0.052083 0.069444
1 0.232292 0.812500 0.052083 0.069444
1 0.601042 0.805556 0.052083 0.069444
1 1.000000 0.694444 0.052083 0.069444
2 0.475000 0.412500 0.031250 0.041667
1 0.736458 0.534722 0.052083 0.069444
1 0.192708 0.527778 0.052083 0.069444
1 0.818750 0.513889 0.052083 0.069444
1 0.726042 0.423611 0.052083 0.069444
1 -0.002083 0.305556 0.052083 0.069444
2 0.512500 0.158333 0.031250 0.041667
1 0.580208 0.062500 0.052083 0.069444
2 0.543750 0.000000 0.031250 0.041667
3 0.760417 0.916667 0.333333 0.166667