0 0.796875 0.701389 0.052083 0.069444
2 0.421875 0.941667 0.031250 0.041667
2 0.791667 0.625000 0.031250 0.041667
1 1.025000 0.895833 0.052083 0.069444
2 0.791667 0.508333 0.031250 0.041667
2 0.309375 0.445833 0.031250 0.041667
1 0.438542 0.694444 0.052083 0.069444
1 0.661458 0.666667 0.052083 0.069444
1 0.062500 0.604167 0.052083 0.069444
2 0.729167 0.350000 0.031250 0.041667
1 0.951042 0.569444 0.052083 0.069444
1 0.134375 0.548611 0.052083 0.069444
1 0.597917 0.437500 0.052083 0.069444
2 0.475000 0.237500 0.031250 0.041667
2 0.546875 0.154167 0.031250 0.041667
1 0.705208 0.111111 0.052083 0.069444
2 0.952083 0.020833 0.031250 0.041667