0 0.265625 0.965278 0.052083 0.069444
2 0.506250 0.600000 0.031250 0.041667
1 0.295833 0.715278 0.052083 0.069444
1 0.775000 0.548611 0.052083 0.069444
1 0.190625 0.534722 0.052083 0.069444
1 0.559375 0.527778 0.052083 0.069444
1 0.958333 0.416667 0.052083 0.069444
2 0.558333 0.245833 0.031250 0.041667
1 0.819792 0.256944 0.052083 0.069444
1 0.234375 0.250000 0.052083 0.069444
1 0.818750 0.236111 0.052083 0.069444
1 0.684375 0.145833 0.052083 0.069444
1 0.039583 0.027778 0.052083 0.069444
2 0.595833 -0.008333 0.031250 0.041667
3 0.760417 0.916667 0.333333 0.166667