0 0.859375 0.965278 0.052083 0.069444
2 0.188542 0.954167 0.031250 0.041667
1 0.439583 0.979167 0.052083 0.069444
1 0.651042 0.895833 0.052083 0.069444
1 0.710417 0.847222 0.052083 0.069444
1 1.018750 0.812500 0.052083 0.069444
1 0.726042 0.763889 0.052083 0.069444
1 0.358333 0.736111 0.052083 0.069444
1 0.179167 0.569444 0.052083 0.069444
1 0.061458 0.520833 0.052083 0.069444
2 0.552083 0.295833 0.031250 0.041667
1 0.647917 0.236111 0.052083 0.069444
1 0.091667 0.201389 0.052083 0.069444
2 1.009375 0.100000 0.031250 0.041667
2 0.136458 0.062500 0.031250 0.041667
1 0.364583 0.020833 0.052083 0.069444
3 0.306250 0.916667 0.333333 0.166667