0 0.505208 0.777778 0.052083 0.069444
2 0.882292 0.987500 0.031250 0.041667
2 0.793750 0.850000 0.031250 0.041667
2 0.680208 0.516667 0.031250 0.041667
1 0.714583 0.847222 0.052083 0.069444
1 0.617708 0.770833 0.052083 0.069444
1 0.009375 0.729167 0.052083 0.069444
2 0.034375 0.433333 0.031250 0.041667
1 0.144792 0.659722 0.052083 0.069444
1 0.069792 0.604167 0.052083 0.069444
1 0.026042 0.465278 0.052083 0.069444
2 0.610417 0.220833 0.031250 0.041667
1 0.423958 0.298611 0.052083 0.069444
1 0.834375 0.125000 0.052083 0.069444
1 0.908333 0.069444 0.052083 0.069444
2 0.606250 0.012500 0.031250 0.041667
4 0.316667 0.916667 0.333333 0.166667