0 0.526042 0.730556 0.052083 0.069444
2 0.878125 0.941667 0.031250 0.041667
1 0.746875 0.951389 0.052083 0.069444
1 0.842708 0.847222 0.052083 0.069444
2 0.438542 0.454167 0.031250 0.041667
1 0.418750 0.513889 0.052083 0.069444
1 0.230208 0.493056 0.052083 0.069444
1 0.028125 0.416667 0.052083 0.069444
1 0.315625 0.361111 0.052083 0.069444
1 0.806250 0.326389 0.052083 0.069444
1 0.314583 0.145833 0.052083 0.069444
1 0.651042 0.062500 0.052083 0.069444
1 0.460417 0.013889 0.052083 0.069444
1 0.090625 -0.020833 0.052083 0.069444