0 0.557292 0.809722 0.052083 0.069444
2 0.072917 1.008333 0.031250 0.041667
1 0.817708 0.756944 0.052083 0.069444
1 0.913542 0.583333 0.052083 0.069444
1 0.695833 0.500000 0.052083 0.069444
1 0.221875 0.451389 0.052083 0.069444
2 0.686458 0.237500 0.031250 0.041667
1 0.480208 0.354167 0.052083 0.069444
2 0.982292 0.145833 0.031250 0.041667
2 0.714583 0.133333 0.031250 0.041667
2 0.370833 0.112500 0.031250 0.041667
1 0.423958 0.159722 0.052083 0.069444
1 0.526042 0.145833 0.052083 0.069444
1 0.198958 0.111111 0.052083 0.069444
1 0.805208 0.104167 0.052083 0.069444
1 0.628125 0.097222 0.052083 0.069444
2 0.605208 0.025000 0.031250 0.041667