0 0.223958 0.965278 0.052083 0.069444
2 0.696875 0.950000 0.031250 0.041667
2 0.871875 0.862500 0.031250 0.041667
2 0.246875 0.750000 0.031250 0.041667
2 0.818750 0.729167 0.031250 0.041667
2 0.138542 0.725000 0.031250 0.041667
1 0.779167 0.972222 0.052083 0.069444
2 0.362500 0.575000 0.031250 0.041667
2 0.390625 0.466667 0.031250 0.041667
2 1.007292 0.458333 0.031250 0.041667
1 0.594792 0.687500 0.052083 0.069444
1 0.626042 0.666667 0.052083 0.069444
1 -0.018750 0.597222 0.052083 0.069444
1 0.626042 0.576389 0.052083 0.069444
1 0.100000 0.381944 0.052083 0.069444
2 0.193750 0.183333 0.031250 0.041667
1 0.191667 0.020833 0.052083 0.069444