0 0.682292 0.701389 0.052083 0.069444
2 0.308333 0.925000 0.031250 0.041667
2 0.153125 0.825000 0.031250 0.041667
2 0.130208 0.779167 0.031250 0.041667
1 0.962500 0.993056 0.052083 0.069444
2 0.752083 0.566667 0.031250 0.041667
1 0.625000 0.937500 0.052083 0.069444
1 0.844792 0.854167 0.052083 0.069444
1 0.087500 0.805556 0.052083 0.069444
1 0.807292 0.750000 0.052083 0.069444
1 0.038542 0.708333 0.052083 0.069444
1 0.477083 0.506944 0.052083 0.069444
1 0.998958 0.493056 0.052083 0.069444
2 0.238542 0.133333 0.031250 0.041667
2 0.993750 0.120833 0.031250 0.041667
1 0.275000 -0.020833 0.052083 0.069444