0 0.598958 0.965278 0.052083 0.069444
1 -0.019792 1.020833 0.052083 0.069444
1 0.781250 1.000000 0.052083 0.069444
2 0.467708 0.545833 0.031250 0.041667
1 0.913542 0.875000 0.052083 0.069444
2 0.304167 0.454167 0.031250 0.041667
1 0.559375 0.611111 0.052083 0.069444
1 0.455208 0.486111 0.052083 0.069444
1 0.181250 0.472222 0.052083 0.069444
1 0.254167 0.451389 0.052083 0.069444
1 0.996875 0.312500 0.052083 0.069444
1 0.364583 0.229167 0.052083 0.069444
1 0.848958 0.013889 0.052083 0.069444
1 0.080208 -0.020833 0.052083 0.069444