0 0.265625 0.965278 0.052083 0.069444
2 0.148958 0.679167 0.031250 0.041667
2 0.953125 0.670833 0.031250 0.041667
2 0.497917 0.562500 0.031250 0.041667
2 0.700000 0.529167 0.031250 0.041667
1 0.565625 0.875000 0.052083 0.069444
1 0.856250 0.847222 0.052083 0.069444
1 -0.020833 0.819444 0.052083 0.069444
1 0.061458 0.750000 0.052083 0.069444
2 0.086458 0.404167 0.031250 0.041667
2 0.418750 0.391667 0.031250 0.041667
1 0.448958 0.618056 0.052083 0.069444
1 0.367708 0.548611 0.052083 0.069444
1 0.081250 0.541667 0.052083 0.069444
2 0.604167 0.312500 0.031250 0.041667
1 0.592708 0.361111 0.052083 0.069444
2 0.446875 0.158333 0.031250 0.041667
1 0.651042 0.208333 0.052083 0.069444
2 0.571875 0.116667 0.031250 0.041667
1 0.073958 0.090278 0.052083 0.069444
2 0.809375 0.020833 0.031250 0.041667