0 0.317708 0.793056 0.052083 0.069444
2 0.804167 0.945833 0.031250 0.041667
2 0.086458 0.820833 0.031250 0.041667
2 0.418750 0.808333 0.031250 0.041667
2 0.291667 0.729167 0.031250 0.041667
2 0.655208 0.575000 0.031250 0.041667
1 0.859375 0.902778 0.052083 0.069444
2 0.676042 0.533333 0.031250 0.041667
1 0.073958 0.784722 0.052083 0.069444
2 0.496875 0.437500 0.031250 0.041667
1 0.451042 0.347222 0.052083 0.069444
2 0.230208 0.175000 0.031250 0.041667
1 0.379167 0.131944 0.052083 0.069444
1 0.259375 0.048611 0.052083 0.069444