0 0.536458 0.965278 0.052083 0.069444
2 0.882292 0.862500 0.031250 0.041667
2 0.887500 0.725000 0.031250 0.041667
1 0.377083 0.986111 0.052083 0.069444
1 0.730208 0.972222 0.052083 0.069444
1 0.872917 0.833333 0.052083 0.069444
2 0.648958 0.391667 0.031250 0.041667
1 0.714583 0.638889 0.052083 0.069444
1 0.648958 0.562500 0.052083 0.069444
1 1.000000 0.520833 0.052083 0.069444
2 0.003125 0.308333 0.031250 0.041667
1 0.176042 0.451389 0.052083 0.069444
1 0.069792 0.395833 0.052083 0.069444
1 0.119792 0.256944 0.052083 0.069444
2 0.516667 0.095833 0.031250 0.041667
1 0.330208 0.090278 0.052083 0.069444
3 0.316667 0.916667 0.333333 0.166667