0 0.703125 0.809722 0.052083 0.069444
2 0.729167 0.875000 0.031250 0.041667
2 0.979167 0.758333 0.031250 0.041667
2 0.309375 0.695833 0.031250 0.041667
1 0.000000 1.020833 0.052083 0.069444
2 0.666667 0.600000 0.031250 0.041667
1 0.763542 0.986111 0.052083 0.069444
1 0.134375 0.965278 0.052083 0.069444
1 0.597917 0.854167 0.052083 0.069444
2 0.537500 0.487500 0.031250 0.041667
2 0.546875 0.404167 0.031250 0.041667
1 0.830208 0.527778 0.052083 0.069444
2 0.827083 0.270833 0.031250 0.041667
2 0.483333 0.125000 0.031250 0.041667
2 0.612500 0.108333 0.031250 0.041667
1 -0.016667 0.131944 0.052083 0.069444
1 0.909375 0.097222 0.052083 0.069444
3 0.434375 0.916667 0.333333 0.166667