0 0.515625 0.965278 0.052083 0.069444
1 0.032292 0.958333 0.052083 0.069444
1 0.968750 0.826389 0.052083 0.069444
1 0.553125 0.631944 0.052083 0.069444
1 0.705208 0.604167 0.052083 0.069444
1 0.877083 0.583333 0.052083 0.069444
1 0.400000 0.451389 0.052083 0.069444
1 0.767708 0.402778 0.052083 0.069444
1 0.329167 0.305556 0.052083 0.069444
1 0.789583 0.291667 0.052083 0.069444
1 0.184375 0.069444 0.052083 0.069444
1 0.583333 0.055556 0.052083 0.069444
1 0.097917 0.041667 0.052083 0.069444
1 0.635417 0.034722 0.052083 0.069444