0 0.953125 0.965278 0.052083 0.069444
2 0.238542 0.725000 0.031250 0.041667
2 1.009375 0.650000 0.031250 0.041667
1 0.831250 1.000000 0.052083 0.069444
1 0.412500 0.937500 0.052083 0.069444
1 0.296875 0.847222 0.052083 0.069444
1 0.186458 0.673611 0.052083 0.069444
1 0.158333 0.562500 0.052083 0.069444
1 0.312500 0.548611 0.052083 0.069444
1 0.936458 0.340278 0.052083 0.069444
2 0.803125 0.070833 0.031250 0.041667
1 0.176042 0.097222 0.052083 0.069444
1 0.048958 0.048611 0.052083 0.069444
1 0.425000 0.006944 0.052083 0.069444
1 0.242708 -0.027778 0.052083 0.069444
4 0.166667 0.916667 0.333333 0.166667