0 0.880208 0.965278 0.052083 0.069444
2 0.514583 0.845833 0.031250 0.041667
2 0.150000 0.545833 0.031250 0.041667
1 0.013542 0.826389 0.052083 0.069444
1 0.350000 0.819444 0.052083 0.069444
1 0.494792 0.791667 0.052083 0.069444
2 0.975000 0.458333 0.031250 0.041667
1 0.964583 0.750000 0.052083 0.069444
1 0.136458 0.715278 0.052083 0.069444
2 0.775000 0.412500 0.031250 0.041667
2 0.702083 0.379167 0.031250 0.041667
1 0.567708 0.590278 0.052083 0.069444
1 0.253125 0.569444 0.052083 0.069444
1 0.510417 0.145833 0.052083 0.069444
2 0.800000 0.070833 0.031250 0.041667
2 0.210417 0.050000 0.031250 0.041667
1 0.942708 0.041667 0.052083 0.069444
1 0.235417 -0.027778 0.052083 0.069444
4 0.435417 0.916667 0.333333 0.166667