0 0.567708 0.965278 0.052083 0.069444
2 0.763542 0.733333 0.031250 0.041667
2 0.609375 0.725000 0.031250 0.041667
1 0.672917 0.916667 0.052083 0.069444
1 0.259375 0.729167 0.052083 0.069444
1 0.014583 0.576389 0.052083 0.069444
2 0.576042 0.279167 0.031250 0.041667
1 0.239583 0.451389 0.052083 0.069444
1 0.218750 0.416667 0.052083 0.069444
2 0.089583 0.112500 0.031250 0.041667
1 0.467708 0.166667 0.052083 0.069444
2 0.400000 0.012500 0.031250 0.041667
1 0.320833 0.000000 0.052083 0.069444
1 0.587500 -0.020833 0.052083 0.069444