0 0.057292 0.754167 0.052083 0.069444
1 0.937500 1.013889 0.052083 0.069444
1 0.873958 0.986111 0.052083 0.069444
1 1.014583 0.958333 0.052083 0.069444
1 0.920833 0.951389 0.052083 0.069444
1 0.932292 0.729167 0.052083 0.069444
1 0.690625 0.666667 0.052083 0.069444
1 0.357292 0.659722 0.052083 0.069444
1 0.261458 0.625000 0.052083 0.069444
1 0.700000 0.590278 0.052083 0.069444
1 0.916667 0.347222 0.052083 0.069444
1 0.547917 0.229167 0.052083 0.069444
1 0.927083 0.201389 0.052083 0.069444
1 0.903125 0.152778 0.052083 0.069444
3 0.166667 0.916667 0.333333 0.166667