0 0.151042 0.965278 0.052083 0.069444
2 0.796875 0.879167 0.031250 0.041667
2 0.393750 0.770833 0.031250 0.041667
2 0.752083 0.737500 0.031250 0.041667
2 0.086458 0.612500 0.031250 0.041667
2 0.418750 0.600000 0.031250 0.041667
1 0.448958 0.965278 0.052083 0.069444
1 0.315625 0.895833 0.052083 0.069444
1 -0.022917 0.888889 0.052083 0.069444
2 0.447917 0.520833 0.031250 0.041667
1 0.644792 0.708333 0.052083 0.069444
2 0.551042 0.366667 0.031250 0.041667
1 0.755208 0.555556 0.052083 0.069444
2 0.623958 0.325000 0.031250 0.041667
1 0.073958 0.437500 0.052083 0.069444
2 0.653125 0.229167 0.031250 0.041667
1 0.555208 0.000000 0.052083 0.069444