0 0.682292 0.709722 0.052083 0.069444
2 0.159375 0.933333 0.031250 0.041667
2 0.985417 0.720833 0.031250 0.041667
1 0.959375 0.958333 0.052083 0.069444
1 0.230208 0.902778 0.052083 0.069444
2 0.481250 0.512500 0.031250 0.041667
1 0.455208 0.756944 0.052083 0.069444
1 0.134375 0.680556 0.052083 0.069444
2 1.003125 0.375000 0.031250 0.041667
1 1.023958 0.590278 0.052083 0.069444
1 0.295833 0.263889 0.052083 0.069444
2 0.388542 0.104167 0.031250 0.041667
1 0.119792 0.125000 0.052083 0.069444
2 0.435417 0.020833 0.031250 0.041667
1 0.470833 -0.006944 0.052083 0.069444
1 0.633333 -0.013889 0.052083 0.069444
1 0.550000 -0.034722 0.052083 0.069444