0 0.505208 0.965278 0.052083 0.069444
2 1.010417 0.741667 0.031250 0.041667
2 0.828125 0.725000 0.031250 0.041667
1 0.640625 0.909722 0.052083 0.069444
1 0.271875 0.875000 0.052083 0.069444
1 0.312500 0.652778 0.052083 0.069444
1 0.242708 0.583333 0.052083 0.069444
1 0.375000 0.375000 0.052083 0.069444
1 0.971875 0.312500 0.052083 0.069444
1 0.726042 0.069444 0.052083 0.069444
2 0.545833 0.008333 0.031250 0.041667
1 0.456250 -0.013889 0.052083 0.069444
1 0.572917 -0.034722 0.052083 0.069444
4 0.833333 0.916667 0.333333 0.166667