0 0.776042 0.730556 0.052083 0.069444
2 0.257292 0.854167 0.031250 0.041667
2 0.415625 0.841667 0.031250 0.041667
2 0.826042 0.645833 0.031250 0.041667
1 1.020833 0.951389 0.052083 0.069444
1 0.292708 0.902778 0.052083 0.069444
2 0.630208 0.529167 0.031250 0.041667
1 0.319792 0.791667 0.052083 0.069444
1 0.098958 0.784722 0.052083 0.069444
2 0.343750 0.466667 0.031250 0.041667
1 0.505208 0.750000 0.052083 0.069444
1 0.404167 0.597222 0.052083 0.069444
1 0.871875 0.527778 0.052083 0.069444
2 0.617708 0.270833 0.031250 0.041667