0 0.390625 0.705556 0.052083 0.069444
2 0.007292 0.745833 0.031250 0.041667
2 0.086458 0.641667 0.031250 0.041667
2 0.245833 0.633333 0.031250 0.041667
1 0.707292 0.958333 0.052083 0.069444
1 0.533333 0.909722 0.052083 0.069444
1 0.201042 0.888889 0.052083 0.069444
1 0.251042 0.694444 0.052083 0.069444
1 0.643750 0.680556 0.052083 0.069444
1 0.966667 0.645833 0.052083 0.069444
1 0.158333 0.625000 0.052083 0.069444
1 0.626042 0.583333 0.052083 0.069444
1 0.637500 0.472222 0.052083 0.069444
2 0.139583 0.225000 0.031250 0.041667
2 0.282292 0.104167 0.031250 0.041667