0 0.432292 0.965278 0.052083 0.069444
1 0.671875 0.972222 0.052083 0.069444
1 0.952083 0.923611 0.052083 0.069444
1 0.111458 0.909722 0.052083 0.069444
1 0.246875 0.875000 0.052083 0.069444
1 0.723958 0.652778 0.052083 0.069444
1 0.676042 0.548611 0.052083 0.069444
1 0.433333 0.534722 0.052083 0.069444
1 0.265625 0.527778 0.052083 0.069444
1 0.253125 0.326389 0.052083 0.069444
1 0.680208 0.277778 0.052083 0.069444
1 0.217708 0.263889 0.052083 0.069444
1 0.035417 0.159722 0.052083 0.069444
1 0.496875 0.138889 0.052083 0.069444
1 0.957292 0.131944 0.052083 0.069444