0 0.796875 0.709722 0.052083 0.069444
2 0.546875 0.779167 0.031250 0.041667
2 0.639583 0.645833 0.031250 0.041667
2 0.670833 0.500000 0.031250 0.041667
2 0.518750 0.483333 0.031250 0.041667
1 0.264583 0.756944 0.052083 0.069444
1 0.628125 0.722222 0.052083 0.069444
2 0.359375 0.316667 0.031250 0.041667
2 0.789583 0.245833 0.031250 0.041667
2 0.993750 0.141667 0.031250 0.041667
2 0.495833 0.133333 0.031250 0.041667
1 0.832292 0.125000 0.052083 0.069444
1 0.658333 0.076389 0.052083 0.069444
1 0.576042 0.055556 0.052083 0.069444
4 0.434375 0.916667 0.333333 0.166667