0 0.473958 0.965278 0.052083 0.069444
1 0.972917 0.993056 0.052083 0.069444
1 0.132292 0.979167 0.052083 0.069444
1 0.236458 0.944444 0.052083 0.069444
1 0.744792 0.722222 0.052083 0.069444
1 0.696875 0.618056 0.052083 0.069444
1 0.454167 0.604167 0.052083 0.069444
1 0.276042 0.597222 0.052083 0.069444
1 0.232292 0.395833 0.052083 0.069444
1 0.690625 0.347222 0.052083 0.069444
1 0.238542 0.333333 0.052083 0.069444
1 0.035417 0.229167 0.052083 0.069444
1 0.517708 0.208333 0.052083 0.069444
1 0.967708 0.201389 0.052083 0.069444