0 0.765625 0.702778 0.052083 0.069444
2 0.350000 0.758333 0.031250 0.041667
2 0.278125 0.658333 0.031250 0.041667
2 0.046875 0.612500 0.031250 0.041667
1 0.142708 0.895833 0.052083 0.069444
1 0.447917 0.777778 0.052083 0.069444
1 0.879167 0.715278 0.052083 0.069444
2 0.752083 0.400000 0.031250 0.041667
1 0.583333 0.659722 0.052083 0.069444
1 0.969792 0.576389 0.052083 0.069444
1 0.170833 0.527778 0.052083 0.069444
1 0.723958 0.472222 0.052083 0.069444
1 0.163542 0.430556 0.052083 0.069444
1 0.560417 0.229167 0.052083 0.069444
1 0.873958 0.215278 0.052083 0.069444
4 0.277083 0.916667 0.333333 0.166667