0 0.755208 0.847222 0.052083 0.069444
2 0.642708 0.691667 0.031250 0.041667
1 0.152083 0.930556 0.052083 0.069444
2 0.803125 0.554167 0.031250 0.041667
1 0.426042 0.819444 0.052083 0.069444
2 0.882292 0.445833 0.031250 0.041667
1 0.196875 0.694444 0.052083 0.069444
2 0.167708 0.308333 0.031250 0.041667
1 0.294792 0.416667 0.052083 0.069444
1 0.571875 0.409722 0.052083 0.069444
1 0.650000 0.381944 0.052083 0.069444
1 0.585417 0.291667 0.052083 0.069444
1 0.834375 0.277778 0.052083 0.069444
1 0.131250 0.138889 0.052083 0.069444