0 0.651042 0.827778 0.052083 0.069444
2 0.103125 0.966667 0.031250 0.041667
2 0.309375 0.904167 0.031250 0.041667
2 0.589583 0.695833 0.031250 0.041667
2 0.546875 0.612500 0.031250 0.041667
1 0.934375 0.875000 0.052083 0.069444
2 0.722917 0.479167 0.031250 0.041667
2 0.587500 0.333333 0.031250 0.041667
2 0.560417 0.316667 0.031250 0.041667
1 0.139583 0.479167 0.052083 0.069444
1 0.753125 0.444444 0.052083 0.069444
2 0.359375 0.150000 0.031250 0.041667
2 0.706250 0.079167 0.031250 0.041667
4 0.434375 0.916667 0.333333 0.166667