0 0.234375 0.938889 0.052083 0.069444
2 0.150000 0.779167 0.031250 0.041667
2 0.912500 0.766667 0.031250 0.041667
1 0.108333 0.979167 0.052083 0.069444
1 0.651042 0.854167 0.052083 0.069444
1 0.647917 0.791667 0.052083 0.069444
1 0.414583 0.645833 0.052083 0.069444
1 0.389583 0.597222 0.052083 0.069444
1 0.730208 0.527778 0.052083 0.069444
1 0.591667 0.486111 0.052083 0.069444
1 0.662500 0.458333 0.052083 0.069444
1 0.502083 0.409722 0.052083 0.069444
1 0.694792 0.395833 0.052083 0.069444
1 0.986458 0.368056 0.052083 0.069444
2 0.743750 0.058333 0.031250 0.041667
1 0.073958 0.027778 0.052083 0.069444
1 0.466667 -0.006944 0.052083 0.069444
1 0.090625 -0.013889 0.052083 0.069444