0 0.328125 0.722222 0.052083 0.069444
1 1.012500 0.826389 0.052083 0.069444
1 0.736458 0.812500 0.052083 0.069444
1 0.716667 0.798611 0.052083 0.069444
1 0.118750 0.645833 0.052083 0.069444
2 0.542708 0.370833 0.031250 0.041667
1 0.460417 0.590278 0.052083 0.069444
2 0.400000 0.304167 0.031250 0.041667
2 0.967708 0.245833 0.031250 0.041667
1 0.292708 0.368056 0.052083 0.069444
2 0.371875 0.116667 0.031250 0.041667
1 0.150000 0.104167 0.052083 0.069444
1 0.391667 0.062500 0.052083 0.069444
1 0.876042 -0.020833 0.052083 0.069444