0 0.473958 0.701389 0.052083 0.069444
2 0.150000 0.745833 0.031250 0.041667
1 0.102083 1.027778 0.052083 0.069444
1 0.467708 0.986111 0.052083 0.069444
1 0.819792 0.798611 0.052083 0.069444
1 0.705208 0.784722 0.052083 0.069444
1 0.161458 0.687500 0.052083 0.069444
2 0.920833 0.404167 0.031250 0.041667
1 0.154167 0.638889 0.052083 0.069444
2 0.166667 0.158333 0.031250 0.041667
1 0.562500 0.256944 0.052083 0.069444
1 0.603125 0.215278 0.052083 0.069444
2 0.934375 0.058333 0.031250 0.041667
2 0.752083 0.033333 0.031250 0.041667
1 0.354167 0.006944 0.052083 0.069444