0 0.505208 0.965278 0.052083 0.069444
2 0.975000 0.545833 0.031250 0.041667
1 0.202083 0.736111 0.052083 0.069444
1 0.907292 0.722222 0.052083 0.069444
1 0.527083 0.659722 0.052083 0.069444
1 0.868750 0.645833 0.052083 0.069444
1 0.359375 0.569444 0.052083 0.069444
1 0.372917 0.472222 0.052083 0.069444
2 0.400000 0.279167 0.031250 0.041667
2 0.662500 0.266667 0.031250 0.041667
1 0.985417 0.312500 0.052083 0.069444
1 1.011458 0.298611 0.052083 0.069444
1 0.340625 0.229167 0.052083 0.069444
1 0.232292 0.215278 0.052083 0.069444
1 0.786458 0.145833 0.052083 0.069444
1 0.901042 0.020833 0.052083 0.069444