0 0.421875 0.793056 0.052083 0.069444
2 0.108333 0.887500 0.031250 0.041667
2 0.135417 0.837500 0.031250 0.041667
2 0.617708 0.720833 0.031250 0.041667
2 0.602083 0.658333 0.031250 0.041667
1 0.218750 0.979167 0.052083 0.069444
1 0.253125 0.888889 0.052083 0.069444
1 0.094792 0.791667 0.052083 0.069444
2 0.592708 0.470833 0.031250 0.041667
2 0.681250 0.466667 0.031250 0.041667
1 0.591667 0.750000 0.052083 0.069444
1 0.987500 0.708333 0.052083 0.069444
2 0.093750 0.416667 0.031250 0.041667
2 0.135417 0.395833 0.031250 0.041667
1 0.797917 0.597222 0.052083 0.069444
1 0.476042 0.541667 0.052083 0.069444
1 0.818750 0.416667 0.052083 0.069444
1 0.488542 0.409722 0.052083 0.069444
2 0.855208 0.133333 0.031250 0.041667
1 0.131250 0.069444 0.052083 0.069444
1 0.823958 0.048611 0.052083 0.069444
1 0.459375 -0.006944 0.052083 0.069444
3 0.785417 0.916667 0.333333 0.166667