0 0.213542 0.751389 0.052083 0.069444
2 0.045833 0.970833 0.031250 0.041667
2 0.114583 0.920833 0.031250 0.041667
2 0.638542 0.804167 0.031250 0.041667
2 0.581250 0.741667 0.031250 0.041667
1 0.190625 1.027778 0.052083 0.069444
1 0.073958 0.930556 0.052083 0.069444
2 0.613542 0.554167 0.031250 0.041667
2 0.722917 0.550000 0.031250 0.041667
1 0.633333 0.888889 0.052083 0.069444
1 -0.004167 0.847222 0.052083 0.069444
2 0.072917 0.500000 0.031250 0.041667
2 0.093750 0.479167 0.031250 0.041667
1 0.735417 0.736111 0.052083 0.069444
1 0.538542 0.680556 0.052083 0.069444
1 0.818750 0.555556 0.052083 0.069444
1 0.467708 0.548611 0.052083 0.069444
2 0.917708 0.216667 0.031250 0.041667
1 0.172917 0.208333 0.052083 0.069444
1 0.844792 0.187500 0.052083 0.069444
1 0.480208 0.131944 0.052083 0.069444
1 0.851042 0.000000 0.052083 0.069444
3 0.785417 0.916667 0.333333 0.166667