0 0.526042 0.709722 0.052083 0.069444
2 0.863542 0.958333 0.031250 0.041667
1 0.890625 0.937500 0.052083 0.069444
1 0.088542 0.847222 0.052083 0.069444
2 0.445833 0.491667 0.031250 0.041667
2 0.569792 0.475000 0.031250 0.041667
2 0.016667 0.454167 0.031250 0.041667
1 0.884375 0.666667 0.052083 0.069444
1 0.806250 0.513889 0.052083 0.069444
1 0.197917 0.430556 0.052083 0.069444
1 0.166667 0.416667 0.052083 0.069444
2 0.281250 0.212500 0.031250 0.041667
1 0.715625 0.215278 0.052083 0.069444
2 0.102083 0.100000 0.031250 0.041667
2 0.831250 0.079167 0.031250 0.041667
3 0.831250 0.916667 0.333333 0.166667