0 0.598958 0.965278 0.052083 0.069444
2 0.015625 0.837500 0.031250 0.041667
1 0.154167 0.958333 0.052083 0.069444
2 0.254167 0.570833 0.031250 0.041667
2 0.808333 0.558333 0.031250 0.041667
1 0.766667 0.798611 0.052083 0.069444
1 0.177083 0.784722 0.052083 0.069444
1 0.340625 0.715278 0.052083 0.069444
1 0.086458 0.701389 0.052083 0.069444
1 1.005208 0.631944 0.052083 0.069444
1 0.755208 0.506944 0.052083 0.069444
1 0.595833 0.444444 0.052083 0.069444
1 0.310417 0.298611 0.052083 0.069444
1 0.285417 0.250000 0.052083 0.069444
1 0.834375 0.180556 0.052083 0.069444
1 0.643750 0.138889 0.052083 0.069444
1 0.714583 0.111111 0.052083 0.069444
1 0.450000 0.062500 0.052083 0.069444
1 0.694792 0.048611 0.052083 0.069444
1 0.037500 0.020833 0.052083 0.069444