0 0.234375 0.709722 0.052083 0.069444
2 0.512500 0.733333 0.031250 0.041667
1 0.355208 0.951389 0.052083 0.069444
2 0.819792 0.558333 0.031250 0.041667
1 0.627083 0.805556 0.052083 0.069444
2 0.284375 0.437500 0.031250 0.041667
2 0.368750 0.425000 0.031250 0.041667
2 0.803125 0.312500 0.031250 0.041667
2 0.057292 0.229167 0.031250 0.041667
1 0.356250 0.340278 0.052083 0.069444
2 0.576042 0.183333 0.031250 0.041667
1 0.167708 0.173611 0.052083 0.069444
1 0.400000 0.159722 0.052083 0.069444
1 0.697917 0.138889 0.052083 0.069444
1 0.390625 0.118056 0.052083 0.069444
1 0.323958 0.013889 0.052083 0.069444