0 0.567708 0.965278 0.052083 0.069444
2 0.629167 0.516667 0.031250 0.041667
1 0.303125 0.791667 0.052083 0.069444
1 0.810417 0.756944 0.052083 0.069444
1 0.434375 0.750000 0.052083 0.069444
2 0.078125 0.362500 0.031250 0.041667
1 0.621875 0.562500 0.052083 0.069444
1 0.107292 0.541667 0.052083 0.069444
2 0.603125 0.287500 0.031250 0.041667
1 0.476042 0.312500 0.052083 0.069444
2 0.560417 0.145833 0.031250 0.041667
1 0.138542 0.222222 0.052083 0.069444
1 0.641667 0.152778 0.052083 0.069444
1 0.784375 0.090278 0.052083 0.069444
1 0.169792 0.041667 0.052083 0.069444