0 0.046875 0.965278 0.052083 0.069444
2 -0.007292 0.820833 0.031250 0.041667
2 0.990625 0.575000 0.031250 0.041667
1 0.354167 0.951389 0.052083 0.069444
1 0.290625 0.909722 0.052083 0.069444
2 0.006250 0.475000 0.031250 0.041667
2 0.856250 0.450000 0.031250 0.041667
1 0.145833 0.701389 0.052083 0.069444
1 0.767708 0.520833 0.052083 0.069444
1 0.538542 0.500000 0.052083 0.069444
2 0.465625 0.266667 0.031250 0.041667
1 0.563542 0.423611 0.052083 0.069444
1 0.673958 0.416667 0.052083 0.069444
1 0.458333 0.381944 0.052083 0.069444
1 0.744792 0.375000 0.052083 0.069444
1 0.493750 0.180556 0.052083 0.069444
1 0.231250 0.152778 0.052083 0.069444
1 0.759375 0.013889 0.052083 0.069444
2 0.939583 -0.004167 0.031250 0.041667