0 0.359375 0.709722 0.052083 0.069444
1 0.148958 0.895833 0.052083 0.069444
2 0.287500 0.525000 0.031250 0.041667
1 0.820833 0.840278 0.052083 0.069444
1 0.909375 0.736111 0.052083 0.069444
1 0.822917 0.583333 0.052083 0.069444
2 0.047917 0.333333 0.031250 0.041667
1 0.139583 0.465278 0.052083 0.069444
1 0.444792 0.368056 0.052083 0.069444
1 0.017708 0.361111 0.052083 0.069444
1 0.133333 0.152778 0.052083 0.069444
1 0.300000 0.145833 0.052083 0.069444
1 0.532292 0.118056 0.052083 0.069444
1 0.777083 0.104167 0.052083 0.069444