0 0.609375 0.705556 0.052083 0.069444
2 0.736458 0.725000 0.031250 0.041667
2 0.242708 0.604167 0.031250 0.041667
2 0.327083 0.591667 0.031250 0.041667
2 0.678125 0.479167 0.031250 0.041667
2 0.140625 0.395833 0.031250 0.041667
1 0.397917 0.618056 0.052083 0.069444
2 0.492708 0.350000 0.031250 0.041667
1 0.167708 0.451389 0.052083 0.069444
1 0.400000 0.437500 0.052083 0.069444
1 0.822917 0.416667 0.052083 0.069444
1 0.265625 0.395833 0.052083 0.069444
1 0.240625 0.291667 0.052083 0.069444
1 0.944792 0.062500 0.052083 0.069444
3 0.613542 0.916667 0.333333 0.166667