0 0.328125 0.809722 0.052083 0.069444
1 -0.006250 0.923611 0.052083 0.069444
2 0.459375 0.537500 0.031250 0.041667
1 0.502083 0.868056 0.052083 0.069444
2 0.400000 0.470833 0.031250 0.041667
2 0.017708 0.412500 0.031250 0.041667
1 0.251042 0.645833 0.052083 0.069444
2 0.455208 0.283333 0.031250 0.041667
1 0.066667 0.381944 0.052083 0.069444
1 0.475000 0.340278 0.052083 0.069444
1 0.834375 0.256944 0.052083 0.069444
1 0.702083 0.152778 0.052083 0.069444
2 0.106250 0.016667 0.031250 0.041667
2 0.045833 -0.012500 0.031250 0.041667