0 0.526042 0.965278 0.052083 0.069444
1 0.276042 0.840278 0.052083 0.069444
1 0.371875 0.798611 0.052083 0.069444
1 0.693750 0.673611 0.052083 0.069444
2 0.561458 0.391667 0.031250 0.041667
2 0.364583 0.387500 0.031250 0.041667
1 0.068750 0.555556 0.052083 0.069444
1 0.536458 0.486111 0.052083 0.069444
1 0.419792 0.458333 0.052083 0.069444
1 0.917708 0.451389 0.052083 0.069444
2 0.886458 0.200000 0.031250 0.041667
1 0.227083 0.277778 0.052083 0.069444
1 0.927083 0.138889 0.052083 0.069444
1 0.811458 0.131944 0.052083 0.069444