0 0.057292 0.965278 0.052083 0.069444
2 0.767708 0.908333 0.031250 0.041667
2 0.106250 0.641667 0.031250 0.041667
2 0.609375 0.612500 0.031250 0.041667
1 0.430208 0.986111 0.052083 0.069444
1 0.240625 0.923611 0.052083 0.069444
1 0.023958 0.888889 0.052083 0.069444
1 0.319792 0.881944 0.052083 0.069444
1 0.320833 0.868056 0.052083 0.069444
2 0.919792 0.458333 0.031250 0.041667
1 0.178125 0.736111 0.052083 0.069444
1 0.834375 0.701389 0.052083 0.069444
2 0.460417 0.416667 0.031250 0.041667
2 0.071875 0.412500 0.031250 0.041667
1 0.209375 0.680556 0.052083 0.069444
1 0.879167 0.555556 0.052083 0.069444
1 0.422917 0.506944 0.052083 0.069444
1 0.866667 0.381944 0.052083 0.069444
2 0.927083 0.212500 0.031250 0.041667
1 0.947917 0.208333 0.052083 0.069444
2 0.185417 0.079167 0.031250 0.041667
1 0.141667 0.041667 0.052083 0.069444
3 0.428125 0.916667 0.333333 0.166667