0 0.276042 0.890278 0.052083 0.069444
2 0.273958 0.658333 0.031250 0.041667
1 0.464583 0.979167 0.052083 0.069444
1 0.762500 0.750000 0.052083 0.069444
2 0.686458 0.350000 0.031250 0.041667
2 0.761458 0.287500 0.031250 0.041667
2 0.405208 0.279167 0.031250 0.041667
1 0.915625 0.409722 0.052083 0.069444
2 0.998958 0.237500 0.031250 0.041667
2 0.152083 0.187500 0.031250 0.041667
1 0.862500 0.305556 0.052083 0.069444
1 0.548958 0.270833 0.052083 0.069444
1 0.468750 0.250000 0.052083 0.069444
1 0.293750 0.125000 0.052083 0.069444
2 0.331250 0.062500 0.031250 0.041667
2 0.452083 0.054167 0.031250 0.041667