0 0.380208 0.730556 0.052083 0.069444
2 0.271875 0.983333 0.031250 0.041667
1 0.180208 0.826389 0.052083 0.069444
2 0.287500 0.483333 0.031250 0.041667
1 0.831250 0.770833 0.052083 0.069444
1 0.930208 0.666667 0.052083 0.069444
1 0.822917 0.513889 0.052083 0.069444
2 0.047917 0.291667 0.031250 0.041667
1 0.108333 0.395833 0.052083 0.069444
1 0.444792 0.298611 0.052083 0.069444
1 0.038542 0.291667 0.052083 0.069444
1 0.154167 0.083333 0.052083 0.069444
1 0.300000 0.076389 0.052083 0.069444
1 0.521875 0.048611 0.052083 0.069444
1 0.756250 0.034722 0.052083 0.069444