0 0.328125 0.847222 0.052083 0.069444
1 0.991667 0.965278 0.052083 0.069444
1 0.778125 0.951389 0.052083 0.069444
1 0.779167 0.937500 0.052083 0.069444
1 0.056250 0.784722 0.052083 0.069444
2 0.501042 0.454167 0.031250 0.041667
1 0.481250 0.729167 0.052083 0.069444
2 0.400000 0.387500 0.031250 0.041667
2 1.009375 0.329167 0.031250 0.041667
1 0.271875 0.506944 0.052083 0.069444
2 0.413542 0.200000 0.031250 0.041667
1 0.108333 0.243056 0.052083 0.069444
1 0.433333 0.201389 0.052083 0.069444
1 0.855208 0.118056 0.052083 0.069444
1 0.743750 0.013889 0.052083 0.069444