0 0.526042 0.965278 0.052083 0.069444
1 0.296875 0.979167 0.052083 0.069444
1 0.351042 0.937500 0.052083 0.069444
1 0.756250 0.812500 0.052083 0.069444
2 0.561458 0.475000 0.031250 0.041667
2 0.322917 0.470833 0.031250 0.041667
1 0.006250 0.694444 0.052083 0.069444
1 0.494792 0.625000 0.052083 0.069444
1 0.461458 0.597222 0.052083 0.069444
1 0.938542 0.590278 0.052083 0.069444
2 0.948958 0.283333 0.031250 0.041667
1 0.289583 0.416667 0.052083 0.069444
1 0.989583 0.277778 0.052083 0.069444
1 0.873958 0.270833 0.052083 0.069444