0 0.088542 0.965278 0.052083 0.069444
2 0.972917 0.612500 0.031250 0.041667
1 -0.002083 0.986111 0.052083 0.069444
2 0.062500 0.366667 0.031250 0.041667
1 0.458333 0.604167 0.052083 0.069444
1 0.446875 0.562500 0.052083 0.069444
2 0.986458 0.266667 0.031250 0.041667
2 0.804167 0.241667 0.031250 0.041667
1 0.250000 0.354167 0.052083 0.069444
1 0.767708 0.173611 0.052083 0.069444
1 0.486458 0.152778 0.052083 0.069444
2 0.361458 0.058333 0.031250 0.041667
1 0.719792 0.076389 0.052083 0.069444
1 0.830208 0.069444 0.052083 0.069444
1 0.562500 0.034722 0.052083 0.069444
1 0.588542 0.027778 0.052083 0.069444