0 0.161458 0.827778 0.052083 0.069444
2 0.669792 0.929167 0.031250 0.041667
2 0.550000 0.866667 0.031250 0.041667
2 0.644792 0.679167 0.031250 0.041667
2 0.785417 0.675000 0.031250 0.041667
2 0.041667 0.625000 0.031250 0.041667
2 0.031250 0.604167 0.031250 0.041667
1 0.641667 0.944444 0.052083 0.069444
1 0.632292 0.888889 0.052083 0.069444
1 0.818750 0.763889 0.052083 0.069444
1 0.436458 0.756944 0.052083 0.069444
2 1.011458 0.341667 0.031250 0.041667
1 0.235417 0.416667 0.052083 0.069444
1 0.876042 0.395833 0.052083 0.069444
1 0.511458 0.340278 0.052083 0.069444
1 0.913542 0.208333 0.052083 0.069444
1 0.748958 0.104167 0.052083 0.069444
1 0.763542 -0.006944 0.052083 0.069444
1 0.748958 -0.020833 0.052083 0.069444
4 0.785417 0.916667 0.333333 0.166667