0 0.484375 0.847222 0.052083 0.069444
2 0.362500 0.658333 0.031250 0.041667
2 0.653125 0.641667 0.031250 0.041667
2 0.016667 0.620833 0.031250 0.041667
1 1.009375 0.944444 0.052083 0.069444
1 0.722917 0.791667 0.052083 0.069444
1 0.156250 0.708333 0.052083 0.069444
1 0.250000 0.694444 0.052083 0.069444
2 0.364583 0.379167 0.031250 0.041667
1 0.757292 0.493056 0.052083 0.069444
2 0.060417 0.266667 0.031250 0.041667
2 0.914583 0.245833 0.031250 0.041667
2 0.137500 0.112500 0.031250 0.041667
2 0.081250 0.075000 0.031250 0.041667
2 0.339583 0.016667 0.031250 0.041667
3 0.831250 0.916667 0.333333 0.166667