0 0.359375 0.827778 0.052083 0.069444
1 0.117708 0.965278 0.052083 0.069444
2 0.287500 0.566667 0.031250 0.041667
1 0.810417 0.909722 0.052083 0.069444
1 0.888542 0.805556 0.052083 0.069444
1 0.822917 0.652778 0.052083 0.069444
2 0.047917 0.375000 0.031250 0.041667
1 0.170833 0.534722 0.052083 0.069444
1 0.444792 0.437500 0.052083 0.069444
1 -0.003125 0.430556 0.052083 0.069444
1 0.112500 0.222222 0.052083 0.069444
1 0.300000 0.215278 0.052083 0.069444
1 0.542708 0.187500 0.052083 0.069444
1 0.797917 0.173611 0.052083 0.069444