0 0.651042 0.730556 0.052083 0.069444
2 -0.015625 0.712500 0.031250 0.041667
1 0.327083 1.013889 0.052083 0.069444
1 0.782292 1.000000 0.052083 0.069444
1 0.443750 0.937500 0.052083 0.069444
1 0.827083 0.923611 0.052083 0.069444
1 0.317708 0.847222 0.052083 0.069444
1 0.247917 0.750000 0.052083 0.069444
2 0.316667 0.445833 0.031250 0.041667
2 0.745833 0.433333 0.031250 0.041667
1 0.860417 0.590278 0.052083 0.069444
1 0.083333 0.576389 0.052083 0.069444
1 0.340625 0.506944 0.052083 0.069444
1 0.148958 0.493056 0.052083 0.069444
1 0.911458 0.423611 0.052083 0.069444
1 0.817708 0.298611 0.052083 0.069444
1 0.564583 0.236111 0.052083 0.069444
1 0.247917 0.090278 0.052083 0.069444
1 0.222917 0.041667 0.052083 0.069444
1 0.896875 -0.027778 0.052083 0.069444