0 0.432292 0.890278 0.052083 0.069444
1 0.762500 0.958333 0.052083 0.069444
1 0.760417 0.881944 0.052083 0.069444
2 0.150000 0.495833 0.031250 0.041667
2 0.561458 0.429167 0.031250 0.041667
1 0.001042 0.680556 0.052083 0.069444
1 0.834375 0.659722 0.052083 0.069444
1 0.223958 0.618056 0.052083 0.069444
1 0.967708 0.611111 0.052083 0.069444
1 0.655208 0.569444 0.052083 0.069444
1 0.694792 0.381944 0.052083 0.069444
1 0.580208 0.368056 0.052083 0.069444
1 0.348958 0.270833 0.052083 0.069444
2 0.858333 0.154167 0.031250 0.041667
1 0.341667 0.222222 0.052083 0.069444