0 0.255208 0.809722 0.052083 0.069444
1 0.887500 1.027778 0.052083 0.069444
2 0.644792 0.516667 0.031250 0.041667
2 0.844792 0.454167 0.031250 0.041667
2 0.280208 0.445833 0.031250 0.041667
1 0.915625 0.687500 0.052083 0.069444
2 0.915625 0.404167 0.031250 0.041667
2 0.193750 0.354167 0.031250 0.041667
1 0.945833 0.583333 0.052083 0.069444
1 0.548958 0.548611 0.052083 0.069444
1 0.552083 0.527778 0.052083 0.069444
1 0.418750 0.402778 0.052083 0.069444
2 0.414583 0.229167 0.031250 0.041667
2 0.535417 0.220833 0.031250 0.041667
1 0.064583 0.048611 0.052083 0.069444
1 0.719792 -0.034722 0.052083 0.069444