0 0.484375 0.722222 0.052083 0.069444
2 0.320833 0.741667 0.031250 0.041667
2 0.694792 0.725000 0.031250 0.041667
2 0.016667 0.704167 0.031250 0.041667
1 0.681250 0.930556 0.052083 0.069444
1 0.135417 0.847222 0.052083 0.069444
1 0.291667 0.833333 0.052083 0.069444
2 0.406250 0.462500 0.031250 0.041667
1 0.778125 0.631944 0.052083 0.069444
2 0.039583 0.350000 0.031250 0.041667
2 0.956250 0.329167 0.031250 0.041667
2 0.179167 0.195833 0.031250 0.041667
2 0.081250 0.158333 0.031250 0.041667
2 0.402083 0.100000 0.031250 0.041667
3 0.831250 0.916667 0.333333 0.166667