0 0.244792 0.722222 0.052083 0.069444
1 0.733333 0.972222 0.052083 0.069444
1 0.801042 0.902778 0.052083 0.069444
2 0.933333 0.379167 0.031250 0.041667
1 0.077083 0.458333 0.052083 0.069444
1 -0.021875 0.444444 0.052083 0.069444
1 0.610417 0.381944 0.052083 0.069444
1 0.910417 0.368056 0.052083 0.069444
1 0.401042 0.291667 0.052083 0.069444
1 0.497917 0.194444 0.052083 0.069444
2 0.483333 0.112500 0.031250 0.041667
2 0.579167 0.100000 0.031250 0.041667
1 0.056250 0.034722 0.052083 0.069444
1 0.886458 0.020833 0.052083 0.069444
4 0.509375 0.916667 0.333333 0.166667