0 0.526042 0.965278 0.052083 0.069444
1 0.286458 0.909722 0.052083 0.069444
1 0.361458 0.868056 0.052083 0.069444
1 0.725000 0.743056 0.052083 0.069444
2 0.561458 0.433333 0.031250 0.041667
2 0.343750 0.429167 0.031250 0.041667
1 0.037500 0.625000 0.052083 0.069444
1 0.515625 0.555556 0.052083 0.069444
1 0.440625 0.527778 0.052083 0.069444
1 0.928125 0.520833 0.052083 0.069444
2 0.917708 0.241667 0.031250 0.041667
1 0.258333 0.347222 0.052083 0.069444
1 0.958333 0.208333 0.052083 0.069444
1 0.842708 0.201389 0.052083 0.069444