0 0.421875 0.730556 0.052083 0.069444
2 0.148958 0.979167 0.031250 0.041667
2 0.233333 0.966667 0.031250 0.041667
2 0.328125 0.770833 0.031250 0.041667
2 0.305208 0.725000 0.031250 0.041667
1 -0.015625 1.020833 0.052083 0.069444
1 0.053125 0.916667 0.052083 0.069444
1 -0.014583 0.687500 0.052083 0.069444
2 0.802083 0.220833 0.031250 0.041667
1 0.093750 0.270833 0.052083 0.069444
1 0.528125 0.104167 0.052083 0.069444
2 0.493750 -0.008333 0.031250 0.041667
2 0.804167 -0.016667 0.031250 0.041667
4 0.613542 0.916667 0.333333 0.166667