0 0.526042 0.965278 0.052083 0.069444
1 0.130208 0.986111 0.052083 0.069444
2 0.404167 0.575000 0.031250 0.041667
2 0.611458 0.558333 0.031250 0.041667
2 0.016667 0.537500 0.031250 0.041667
1 0.946875 0.805556 0.052083 0.069444
1 0.764583 0.652778 0.052083 0.069444
1 0.177083 0.569444 0.052083 0.069444
1 0.208333 0.555556 0.052083 0.069444
2 0.322917 0.295833 0.031250 0.041667
1 0.736458 0.354167 0.052083 0.069444
2 0.081250 0.183333 0.031250 0.041667
2 0.872917 0.162500 0.031250 0.041667
2 0.095833 0.029167 0.031250 0.041667
2 0.081250 -0.008333 0.031250 0.041667
3 0.831250 0.916667 0.333333 0.166667