0 0.640625 0.793056 0.052083 0.069444
2 0.201042 0.770833 0.031250 0.041667
2 0.285417 0.758333 0.031250 0.041667
2 0.553125 0.645833 0.031250 0.041667
2 0.223958 0.562500 0.031250 0.041667
1 0.439583 0.895833 0.052083 0.069444
2 0.409375 0.516667 0.031250 0.041667
1 0.167708 0.729167 0.052083 0.069444
1 0.400000 0.715278 0.052083 0.069444
1 0.947917 0.694444 0.052083 0.069444
1 0.140625 0.673611 0.052083 0.069444
1 0.157292 0.569444 0.052083 0.069444
1 0.986458 0.340278 0.052083 0.069444
2 0.645833 0.012500 0.031250 0.041667
3 0.613542 0.916667 0.333333 0.166667