0 0.526042 0.965278 0.052083 0.069444
1 0.850000 1.020833 0.052083 0.069444
2 0.561458 0.600000 0.031250 0.041667
2 0.260417 0.595833 0.031250 0.041667
1 0.966667 0.902778 0.052083 0.069444
1 0.432292 0.833333 0.052083 0.069444
1 0.523958 0.805556 0.052083 0.069444
1 0.969792 0.798611 0.052083 0.069444
2 0.009375 0.408333 0.031250 0.041667
1 0.383333 0.625000 0.052083 0.069444
1 0.030208 0.486111 0.052083 0.069444
1 0.967708 0.479167 0.052083 0.069444
1 0.897917 0.076389 0.052083 0.069444
1 0.173958 0.069444 0.052083 0.069444
1 0.306250 0.048611 0.052083 0.069444
1 0.378125 0.041667 0.052083 0.069444