0 0.463542 0.965278 0.052083 0.069444
2 0.639583 0.475000 0.031250 0.041667
1 0.282292 0.722222 0.052083 0.069444
1 0.779167 0.687500 0.052083 0.069444
1 0.403125 0.680556 0.052083 0.069444
2 0.057292 0.320833 0.031250 0.041667
1 0.621875 0.493056 0.052083 0.069444
1 0.117708 0.472222 0.052083 0.069444
2 0.571875 0.245833 0.031250 0.041667
1 0.476042 0.243056 0.052083 0.069444
2 0.539583 0.104167 0.031250 0.041667
1 0.138542 0.152778 0.052083 0.069444
1 0.672917 0.083333 0.052083 0.069444
1 0.794792 0.020833 0.052083 0.069444
1 0.159375 -0.027778 0.052083 0.069444