0 0.640625 0.913889 0.052083 0.069444
2 0.221875 0.687500 0.031250 0.041667
2 0.306250 0.675000 0.031250 0.041667
2 0.615625 0.562500 0.031250 0.041667
2 0.182292 0.479167 0.031250 0.041667
1 0.418750 0.756944 0.052083 0.069444
2 0.451042 0.433333 0.031250 0.041667
1 0.167708 0.590278 0.052083 0.069444
1 0.400000 0.576389 0.052083 0.069444
1 0.885417 0.555556 0.052083 0.069444
1 0.203125 0.534722 0.052083 0.069444
1 0.198958 0.430556 0.052083 0.069444
1 0.965625 0.201389 0.052083 0.069444
3 0.613542 0.916667 0.333333 0.166667