0 0.546875 0.965278 0.052083 0.069444
2 0.894792 0.833333 0.031250 0.041667
1 0.355208 1.027778 0.052083 0.069444
1 0.989583 0.986111 0.052083 0.069444
1 0.859375 0.875000 0.052083 0.069444
1 0.796875 0.729167 0.052083 0.069444
1 0.026042 0.638889 0.052083 0.069444
2 0.508333 0.366667 0.031250 0.041667
2 0.507292 0.350000 0.031250 0.041667
2 0.016667 0.329167 0.031250 0.041667
1 0.790625 0.458333 0.052083 0.069444
1 0.868750 0.305556 0.052083 0.069444
1 0.229167 0.222222 0.052083 0.069444
1 0.104167 0.208333 0.052083 0.069444
2 0.218750 0.087500 0.031250 0.041667
1 0.684375 0.006944 0.052083 0.069444