0 0.526042 0.965278 0.052083 0.069444
2 0.561458 0.641667 0.031250 0.041667
2 0.239583 0.637500 0.031250 0.041667
1 0.935417 0.972222 0.052083 0.069444
1 0.411458 0.902778 0.052083 0.069444
1 0.544792 0.875000 0.052083 0.069444
1 0.980208 0.868056 0.052083 0.069444
2 0.040625 0.450000 0.031250 0.041667
1 0.414583 0.694444 0.052083 0.069444
1 0.061458 0.555556 0.052083 0.069444
1 0.998958 0.548611 0.052083 0.069444
1 0.918750 0.145833 0.052083 0.069444
1 0.163542 0.138889 0.052083 0.069444
1 0.285417 0.118056 0.052083 0.069444
1 0.378125 0.111111 0.052083 0.069444