0 0.338542 0.730556 0.052083 0.069444
2 0.481250 0.775000 0.031250 0.041667
1 0.323958 1.020833 0.052083 0.069444
2 0.798958 0.600000 0.031250 0.041667
1 0.606250 0.875000 0.052083 0.069444
2 0.273958 0.479167 0.031250 0.041667
2 0.358333 0.466667 0.031250 0.041667
2 0.771875 0.354167 0.031250 0.041667
2 0.078125 0.270833 0.031250 0.041667
1 0.366667 0.409722 0.052083 0.069444
2 0.555208 0.225000 0.031250 0.041667
1 0.167708 0.243056 0.052083 0.069444
1 0.400000 0.229167 0.052083 0.069444
1 0.729167 0.208333 0.052083 0.069444
1 0.359375 0.187500 0.052083 0.069444
1 0.303125 0.083333 0.052083 0.069444