0 0.359375 0.701389 0.052083 0.069444
2 0.789583 0.979167 0.031250 0.041667
2 0.910417 0.970833 0.031250 0.041667
1 0.762500 0.750000 0.052083 0.069444
1 0.854167 0.673611 0.052083 0.069444
2 0.150000 0.370833 0.031250 0.041667
2 0.592708 0.304167 0.031250 0.041667
1 0.094792 0.472222 0.052083 0.069444
1 0.740625 0.451389 0.052083 0.069444
1 0.255208 0.409722 0.052083 0.069444
1 0.873958 0.402778 0.052083 0.069444
1 0.748958 0.361111 0.052083 0.069444
1 0.632292 0.173611 0.052083 0.069444
1 0.517708 0.159722 0.052083 0.069444
1 0.442708 0.062500 0.052083 0.069444
2 0.827083 0.029167 0.031250 0.041667
1 0.435417 0.013889 0.052083 0.069444
4 0.776042 0.916667 0.333333 0.166667