0 0.380208 0.965278 0.052083 0.069444
2 0.150000 0.662500 0.031250 0.041667
2 0.519792 0.595833 0.031250 0.041667
1 0.929167 0.958333 0.052083 0.069444
1 0.959375 0.937500 0.052083 0.069444
1 0.182292 0.895833 0.052083 0.069444
1 0.039583 0.888889 0.052083 0.069444
1 0.530208 0.847222 0.052083 0.069444
1 0.778125 0.659722 0.052083 0.069444
1 0.663542 0.645833 0.052083 0.069444
1 0.223958 0.548611 0.052083 0.069444
2 0.900000 0.320833 0.031250 0.041667
1 0.216667 0.500000 0.052083 0.069444
2 0.208333 0.075000 0.031250 0.041667
1 0.604167 0.118056 0.052083 0.069444
1 0.665625 0.076389 0.052083 0.069444