0 0.026042 0.965278 0.052083 0.069444
2 0.003125 0.862500 0.031250 0.041667
2 0.969792 0.616667 0.031250 0.041667
1 0.333333 1.020833 0.052083 0.069444
1 0.259375 0.979167 0.052083 0.069444
2 0.016667 0.516667 0.031250 0.041667
2 0.866667 0.491667 0.031250 0.041667
1 0.125000 0.770833 0.052083 0.069444
1 0.767708 0.590278 0.052083 0.069444
1 0.548958 0.569444 0.052083 0.069444
2 0.486458 0.308333 0.031250 0.041667
1 0.532292 0.493056 0.052083 0.069444
1 0.642708 0.486111 0.052083 0.069444
1 0.437500 0.451389 0.052083 0.069444
1 0.776042 0.444444 0.052083 0.069444
1 0.472917 0.250000 0.052083 0.069444
1 0.252083 0.222222 0.052083 0.069444
1 0.748958 0.083333 0.052083 0.069444
2 0.908333 0.037500 0.031250 0.041667
2 0.245833 0.016667 0.031250 0.041667