0 0.026042 0.965278 0.052083 0.069444
2 0.726042 0.825000 0.031250 0.041667
2 0.106250 0.558333 0.031250 0.041667
2 0.671875 0.529167 0.031250 0.041667
1 0.471875 0.847222 0.052083 0.069444
1 0.303125 0.784722 0.052083 0.069444
1 1.016667 0.750000 0.052083 0.069444
1 0.361458 0.743056 0.052083 0.069444
1 0.341667 0.729167 0.052083 0.069444
2 0.878125 0.375000 0.031250 0.041667
1 0.198958 0.597222 0.052083 0.069444
1 0.834375 0.562500 0.052083 0.069444
2 0.439583 0.333333 0.031250 0.041667
2 0.071875 0.329167 0.031250 0.041667
1 0.230208 0.541667 0.052083 0.069444
1 0.837500 0.416667 0.052083 0.069444
1 0.422917 0.368056 0.052083 0.069444
1 0.845833 0.243056 0.052083 0.069444
2 0.927083 0.129167 0.031250 0.041667
1 0.947917 0.069444 0.052083 0.069444
2 0.122917 -0.004167 0.031250 0.041667
3 0.428125 0.916667 0.333333 0.166667