0 0.692708 0.965278 0.052083 0.069444
2 0.005208 0.795833 0.031250 0.041667
1 0.296875 0.986111 0.052083 0.069444
1 0.185417 0.888889 0.052083 0.069444
2 0.275000 0.529167 0.031250 0.041667
2 0.787500 0.516667 0.031250 0.041667
1 0.797917 0.729167 0.052083 0.069444
1 0.145833 0.715278 0.052083 0.069444
1 0.340625 0.645833 0.052083 0.069444
1 0.107292 0.631944 0.052083 0.069444
1 0.973958 0.562500 0.052083 0.069444
1 0.776042 0.437500 0.052083 0.069444
1 0.585417 0.375000 0.052083 0.069444
1 0.289583 0.229167 0.052083 0.069444
1 0.264583 0.180556 0.052083 0.069444
1 0.855208 0.111111 0.052083 0.069444
1 0.654167 0.069444 0.052083 0.069444
1 0.725000 0.041667 0.052083 0.069444
1 0.439583 -0.006944 0.052083 0.069444
1 0.694792 -0.020833 0.052083 0.069444