0 0.421875 0.705556 0.052083 0.069444
1 1.016667 0.993056 0.052083 0.069444
2 0.438542 0.579167 0.031250 0.041667
1 0.512500 0.937500 0.052083 0.069444
2 0.400000 0.512500 0.031250 0.041667
2 0.038542 0.454167 0.031250 0.041667
1 0.240625 0.715278 0.052083 0.069444
2 0.476042 0.325000 0.031250 0.041667
1 0.045833 0.451389 0.052083 0.069444
1 0.495833 0.409722 0.052083 0.069444
1 0.823958 0.326389 0.052083 0.069444
1 0.681250 0.222222 0.052083 0.069444
2 0.106250 0.058333 0.031250 0.041667
2 0.014583 0.029167 0.031250 0.041667
1 0.721875 0.013889 0.052083 0.069444