0 0.609375 0.890278 0.052083 0.069444
2 0.400000 0.662500 0.031250 0.041667
2 0.477083 0.616667 0.031250 0.041667
2 0.948958 0.608333 0.031250 0.041667
1 0.295833 0.916667 0.052083 0.069444
1 0.536458 0.888889 0.052083 0.069444
1 0.701042 0.868056 0.052083 0.069444
1 0.431250 0.840278 0.052083 0.069444
1 0.506250 0.750000 0.052083 0.069444
1 0.157292 0.611111 0.052083 0.069444
2 0.935417 0.300000 0.031250 0.041667
1 0.055208 0.451389 0.052083 0.069444
1 0.762500 0.208333 0.052083 0.069444
1 0.559375 0.090278 0.052083 0.069444
1 0.346875 0.013889 0.052083 0.069444
1 0.703125 -0.006944 0.052083 0.069444