0 0.161458 0.913889 0.052083 0.069444
2 0.184375 0.745833 0.031250 0.041667
2 0.621875 0.616667 0.031250 0.041667
1 0.953125 0.937500 0.052083 0.069444
1 0.641667 0.895833 0.052083 0.069444
1 0.751042 0.812500 0.052083 0.069444
1 0.535417 0.708333 0.052083 0.069444
2 0.106250 0.350000 0.031250 0.041667
2 0.828125 0.320833 0.031250 0.041667
1 0.576042 0.500000 0.052083 0.069444
1 0.459375 0.437500 0.052083 0.069444
1 0.860417 0.402778 0.052083 0.069444
1 0.465625 0.395833 0.052083 0.069444
1 0.393750 0.381944 0.052083 0.069444
2 0.773958 0.166667 0.031250 0.041667
1 0.251042 0.250000 0.052083 0.069444
1 0.834375 0.215278 0.052083 0.069444
2 0.387500 0.125000 0.031250 0.041667
2 0.071875 0.120833 0.031250 0.041667
1 0.282292 0.194444 0.052083 0.069444
1 0.733333 0.069444 0.052083 0.069444
1 0.422917 0.020833 0.052083 0.069444