0 0.609375 0.965278 0.052083 0.069444
2 0.985417 0.587500 0.031250 0.041667
1 0.233333 0.805556 0.052083 0.069444
1 0.876042 0.791667 0.052083 0.069444
1 0.506250 0.729167 0.052083 0.069444
1 0.858333 0.715278 0.052083 0.069444
1 0.348958 0.638889 0.052083 0.069444
1 0.341667 0.541667 0.052083 0.069444
2 0.379167 0.320833 0.031250 0.041667
2 0.683333 0.308333 0.031250 0.041667
1 0.954167 0.381944 0.052083 0.069444
1 -0.010417 0.368056 0.052083 0.069444
1 0.340625 0.298611 0.052083 0.069444
1 0.211458 0.284722 0.052083 0.069444
1 0.817708 0.215278 0.052083 0.069444
1 0.880208 0.090278 0.052083 0.069444
1 0.533333 0.027778 0.052083 0.069444