0 0.442708 0.890278 0.052083 0.069444
2 0.778125 0.641667 0.031250 0.041667
1 0.585417 0.944444 0.052083 0.069444
2 0.263542 0.520833 0.031250 0.041667
2 0.347917 0.508333 0.031250 0.041667
2 0.740625 0.395833 0.031250 0.041667
2 0.098958 0.312500 0.031250 0.041667
1 0.377083 0.479167 0.052083 0.069444
2 0.534375 0.266667 0.031250 0.041667
1 0.167708 0.312500 0.052083 0.069444
1 0.400000 0.298611 0.052083 0.069444
1 0.760417 0.277778 0.052083 0.069444
1 0.328125 0.256944 0.052083 0.069444
1 0.282292 0.152778 0.052083 0.069444