0 0.671875 0.763889 0.052083 0.069444
2 0.608333 0.600000 0.031250 0.041667
1 0.344792 0.930556 0.052083 0.069444
1 0.872917 0.895833 0.052083 0.069444
1 0.496875 0.888889 0.052083 0.069444
2 0.119792 0.445833 0.031250 0.041667
1 0.621875 0.701389 0.052083 0.069444
1 0.086458 0.680556 0.052083 0.069444
2 0.665625 0.370833 0.031250 0.041667
1 0.476042 0.451389 0.052083 0.069444
2 0.602083 0.229167 0.031250 0.041667
1 0.138542 0.361111 0.052083 0.069444
1 0.579167 0.291667 0.052083 0.069444
1 0.763542 0.229167 0.052083 0.069444
1 0.190625 0.180556 0.052083 0.069444
1 0.417708 0.076389 0.052083 0.069444
1 0.056250 0.006944 0.052083 0.069444
1 0.875000 -0.013889 0.052083 0.069444