0 0.390625 0.763889 0.052083 0.069444
2 0.150000 0.704167 0.031250 0.041667
2 0.509375 0.637500 0.031250 0.041667
1 0.897917 1.027778 0.052083 0.069444
1 0.990625 1.006944 0.052083 0.069444
1 0.171875 0.965278 0.052083 0.069444
1 0.070833 0.958333 0.052083 0.069444
1 0.498958 0.916667 0.052083 0.069444
1 0.798958 0.729167 0.052083 0.069444
1 0.684375 0.715278 0.052083 0.069444
1 0.192708 0.618056 0.052083 0.069444
2 0.910417 0.362500 0.031250 0.041667
1 0.185417 0.569444 0.052083 0.069444
2 0.187500 0.116667 0.031250 0.041667
1 0.583333 0.187500 0.052083 0.069444
1 0.634375 0.145833 0.052083 0.069444
2 0.923958 0.016667 0.031250 0.041667
2 0.741667 -0.008333 0.031250 0.041667