0 0.557292 0.809722 0.052083 0.069444
2 0.905208 0.791667 0.031250 0.041667
1 0.826042 1.013889 0.052083 0.069444
1 0.355208 0.958333 0.052083 0.069444
1 0.968750 0.916667 0.052083 0.069444
1 0.859375 0.805556 0.052083 0.069444
1 0.765625 0.659722 0.052083 0.069444
1 0.005208 0.569444 0.052083 0.069444
2 0.529167 0.325000 0.031250 0.041667
2 0.486458 0.308333 0.031250 0.041667
2 0.016667 0.287500 0.031250 0.041667
1 0.759375 0.388889 0.052083 0.069444
1 0.889583 0.236111 0.052083 0.069444
1 0.239583 0.152778 0.052083 0.069444
1 0.083333 0.138889 0.052083 0.069444
2 0.197917 0.045833 0.031250 0.041667