0 0.109375 0.827778 0.052083 0.069444
2 0.696875 0.887500 0.031250 0.041667
2 0.889583 0.883333 0.031250 0.041667
2 0.134375 0.550000 0.031250 0.041667
1 0.339583 0.763889 0.052083 0.069444
1 0.928125 0.743056 0.052083 0.069444
1 0.563542 0.687500 0.052083 0.069444
1 1.017708 0.555556 0.052083 0.069444
1 0.905208 0.451389 0.052083 0.069444
1 0.867708 0.340278 0.052083 0.069444
1 0.853125 0.326389 0.052083 0.069444
1 0.733333 0.243056 0.052083 0.069444
2 0.682292 0.075000 0.031250 0.041667
2 0.222917 -0.012500 0.031250 0.041667
4 0.785417 0.916667 0.333333 0.166667