0 0.026042 0.965278 0.052083 0.069444
2 0.928125 0.700000 0.031250 0.041667
2 0.037500 0.600000 0.031250 0.041667
2 0.887500 0.575000 0.031250 0.041667
1 0.083333 0.909722 0.052083 0.069444
1 0.767708 0.729167 0.052083 0.069444
1 0.569792 0.708333 0.052083 0.069444
2 0.528125 0.391667 0.031250 0.041667
1 0.469792 0.631944 0.052083 0.069444
1 0.580208 0.625000 0.052083 0.069444
1 0.395833 0.590278 0.052083 0.069444
1 0.838542 0.583333 0.052083 0.069444
1 0.431250 0.388889 0.052083 0.069444
1 0.293750 0.361111 0.052083 0.069444
1 0.728125 0.222222 0.052083 0.069444
2 0.845833 0.120833 0.031250 0.041667
2 0.225000 0.100000 0.031250 0.041667
1 0.394792 0.076389 0.052083 0.069444
2 0.323958 -0.008333 0.031250 0.041667
1 0.578125 -0.034722 0.052083 0.069444