0 0.140625 0.965278 0.052083 0.069444
2 0.592708 0.725000 0.031250 0.041667
2 0.948958 0.662500 0.031250 0.041667
2 0.123958 0.654167 0.031250 0.041667
2 0.811458 0.612500 0.031250 0.041667
2 0.245833 0.562500 0.031250 0.041667
1 -0.003125 0.930556 0.052083 0.069444
1 0.548958 0.895833 0.052083 0.069444
1 0.656250 0.875000 0.052083 0.069444
1 0.575000 0.750000 0.052083 0.069444
2 0.518750 0.437500 0.031250 0.041667
2 0.639583 0.429167 0.031250 0.041667
1 0.963542 0.395833 0.052083 0.069444
1 0.876042 0.312500 0.052083 0.069444
1 0.771875 0.222222 0.052083 0.069444
1 0.558333 0.201389 0.052083 0.069444
3 0.776042 0.916667 0.333333 0.166667