0 0.838542 0.763889 0.052083 0.069444
2 0.300000 0.929167 0.031250 0.041667
2 0.847917 0.700000 0.031250 0.041667
2 0.126042 0.691667 0.031250 0.041667
1 0.089583 0.951389 0.052083 0.069444
2 0.190625 0.566667 0.031250 0.041667
1 0.395833 0.687500 0.052083 0.069444
1 0.090625 0.680556 0.052083 0.069444
1 0.398958 0.340278 0.052083 0.069444
2 0.287500 0.191667 0.031250 0.041667
1 0.904167 0.284722 0.052083 0.069444
1 0.022917 0.180556 0.052083 0.069444
1 0.822917 0.027778 0.052083 0.069444
2 0.047917 0.000000 0.031250 0.041667