0 0.671875 0.965278 0.052083 0.069444
2 0.618750 0.558333 0.031250 0.041667
1 0.323958 0.861111 0.052083 0.069444
1 0.841667 0.826389 0.052083 0.069444
1 0.465625 0.819444 0.052083 0.069444
2 0.098958 0.404167 0.031250 0.041667
1 0.621875 0.631944 0.052083 0.069444
1 0.096875 0.611111 0.052083 0.069444
2 0.634375 0.329167 0.031250 0.041667
1 0.476042 0.381944 0.052083 0.069444
2 0.581250 0.187500 0.031250 0.041667
1 0.138542 0.291667 0.052083 0.069444
1 0.610417 0.222222 0.052083 0.069444
1 0.773958 0.159722 0.052083 0.069444
1 0.180208 0.111111 0.052083 0.069444
1 0.407292 0.006944 0.052083 0.069444