0 0.703125 0.965278 0.052083 0.069444
2 0.188542 0.816667 0.031250 0.041667
2 0.284375 0.691667 0.031250 0.041667
1 0.302083 0.895833 0.052083 0.069444
1 0.028125 0.888889 0.052083 0.069444
1 0.305208 0.548611 0.052083 0.069444
2 0.287500 0.316667 0.031250 0.041667
1 0.872917 0.493056 0.052083 0.069444
1 1.013542 0.388889 0.052083 0.069444
1 0.822917 0.236111 0.052083 0.069444
2 0.047917 0.125000 0.031250 0.041667
1 -0.016667 0.118056 0.052083 0.069444
1 0.444792 0.020833 0.052083 0.069444
1 0.121875 0.013889 0.052083 0.069444