0 0.432292 0.709722 0.052083 0.069444
2 0.046875 0.962500 0.031250 0.041667
2 0.191667 0.695833 0.031250 0.041667
2 0.870833 0.683333 0.031250 0.041667
1 0.672917 1.006944 0.052083 0.069444
1 0.270833 0.993056 0.052083 0.069444
1 0.340625 0.923611 0.052083 0.069444
1 0.023958 0.909722 0.052083 0.069444
1 0.045833 0.840278 0.052083 0.069444
1 0.692708 0.715278 0.052083 0.069444
1 0.627083 0.652778 0.052083 0.069444
1 0.372917 0.506944 0.052083 0.069444
1 0.347917 0.458333 0.052083 0.069444
1 0.771875 0.388889 0.052083 0.069444
1 0.612500 0.347222 0.052083 0.069444
1 0.683333 0.319444 0.052083 0.069444
1 0.481250 0.270833 0.052083 0.069444
1 0.694792 0.256944 0.052083 0.069444
1 -0.025000 0.229167 0.052083 0.069444