0 0.640625 0.730556 0.052083 0.069444
2 0.462500 0.745833 0.031250 0.041667
2 0.435417 0.700000 0.031250 0.041667
2 0.969792 0.691667 0.031250 0.041667
1 0.578125 1.027778 0.052083 0.069444
1 0.701042 1.006944 0.052083 0.069444
1 0.493750 0.979167 0.052083 0.069444
1 0.547917 0.888889 0.052083 0.069444
1 0.178125 0.750000 0.052083 0.069444
2 0.997917 0.383333 0.031250 0.041667
1 0.013542 0.590278 0.052083 0.069444
1 0.741667 0.347222 0.052083 0.069444
1 0.538542 0.229167 0.052083 0.069444
1 0.346875 0.152778 0.052083 0.069444
1 0.661458 0.131944 0.052083 0.069444
1 0.064583 0.048611 0.052083 0.069444
1 0.060417 -0.027778 0.052083 0.069444