0 0.223958 0.890278 0.052083 0.069444
2 0.728125 1.012500 0.031250 0.041667
2 0.952083 1.008333 0.031250 0.041667
2 0.228125 0.675000 0.031250 0.041667
1 0.402083 0.972222 0.052083 0.069444
1 0.959375 0.951389 0.052083 0.069444
1 0.594792 0.895833 0.052083 0.069444
1 0.026042 0.763889 0.052083 0.069444
1 0.998958 0.659722 0.052083 0.069444
1 0.930208 0.548611 0.052083 0.069444
1 0.915625 0.534722 0.052083 0.069444
1 0.670833 0.451389 0.052083 0.069444
2 0.776042 0.200000 0.031250 0.041667
2 0.254167 0.112500 0.031250 0.041667
1 0.093750 0.083333 0.052083 0.069444
4 0.785417 0.916667 0.333333 0.166667