0 0.505208 0.809722 0.052083 0.069444
2 0.757292 0.683333 0.031250 0.041667
1 0.564583 1.013889 0.052083 0.069444
2 0.253125 0.562500 0.031250 0.041667
2 0.337500 0.550000 0.031250 0.041667
2 0.709375 0.437500 0.031250 0.041667
2 0.119792 0.354167 0.031250 0.041667
1 0.387500 0.548611 0.052083 0.069444
2 0.513542 0.308333 0.031250 0.041667
1 0.167708 0.381944 0.052083 0.069444
1 0.400000 0.368056 0.052083 0.069444
1 0.791667 0.347222 0.052083 0.069444
1 0.296875 0.326389 0.052083 0.069444
1 0.261458 0.222222 0.052083 0.069444
1 0.934375 -0.006944 0.052083 0.069444
3 0.613542 0.916667 0.333333 0.166667