0 0.026042 0.965278 0.052083 0.069444
2 0.013542 0.904167 0.031250 0.041667
2 0.948958 0.658333 0.031250 0.041667
2 0.027083 0.558333 0.031250 0.041667
2 0.877083 0.533333 0.031250 0.041667
1 0.104167 0.840278 0.052083 0.069444
1 0.767708 0.659722 0.052083 0.069444
1 0.559375 0.638889 0.052083 0.069444
2 0.507292 0.350000 0.031250 0.041667
1 0.501042 0.562500 0.052083 0.069444
1 0.611458 0.555556 0.052083 0.069444
1 0.416667 0.520833 0.052083 0.069444
1 0.807292 0.513889 0.052083 0.069444
1 0.452083 0.319444 0.052083 0.069444
1 0.272917 0.291667 0.052083 0.069444
1 0.738542 0.152778 0.052083 0.069444
2 0.877083 0.079167 0.031250 0.041667
2 0.235417 0.058333 0.031250 0.041667
1 0.363542 0.006944 0.052083 0.069444