0 0.526042 0.730556 0.052083 0.069444
2 0.036458 0.920833 0.031250 0.041667
2 0.212500 0.654167 0.031250 0.041667
2 0.850000 0.641667 0.031250 0.041667
1 0.704167 0.937500 0.052083 0.069444
1 0.239583 0.923611 0.052083 0.069444
1 0.340625 0.854167 0.052083 0.069444
1 0.044792 0.840278 0.052083 0.069444
1 0.014583 0.770833 0.052083 0.069444
1 0.713542 0.645833 0.052083 0.069444
1 0.616667 0.583333 0.052083 0.069444
1 0.352083 0.437500 0.052083 0.069444
1 0.327083 0.388889 0.052083 0.069444
1 0.792708 0.319444 0.052083 0.069444
1 0.622917 0.277778 0.052083 0.069444
1 0.693750 0.250000 0.052083 0.069444
1 0.470833 0.201389 0.052083 0.069444
1 0.694792 0.187500 0.052083 0.069444
1 -0.004167 0.159722 0.052083 0.069444