0 0.432292 0.763889 0.052083 0.069444
2 0.931250 1.012500 0.031250 0.041667
1 0.762500 0.819444 0.052083 0.069444
1 0.822917 0.743056 0.052083 0.069444
2 0.150000 0.412500 0.031250 0.041667
2 0.582292 0.345833 0.031250 0.041667
1 0.063542 0.541667 0.052083 0.069444
1 0.771875 0.520833 0.052083 0.069444
1 0.244792 0.479167 0.052083 0.069444
1 0.905208 0.472222 0.052083 0.069444
1 0.717708 0.430556 0.052083 0.069444
1 0.653125 0.243056 0.052083 0.069444
1 0.538542 0.229167 0.052083 0.069444
1 0.411458 0.131944 0.052083 0.069444
2 0.837500 0.070833 0.031250 0.041667
1 0.404167 0.083333 0.052083 0.069444
4 0.776042 0.916667 0.333333 0.166667