0 0.380208 0.827778 0.052083 0.069444
2 0.376042 0.704167 0.031250 0.041667
2 0.400000 0.637500 0.031250 0.041667
2 0.101042 0.579167 0.031250 0.041667
1 0.209375 0.923611 0.052083 0.069444
2 0.538542 0.450000 0.031250 0.041667
1 -0.016667 0.659722 0.052083 0.069444
1 0.558333 0.618056 0.052083 0.069444
1 0.792708 0.534722 0.052083 0.069444
1 0.618750 0.430556 0.052083 0.069444
2 0.106250 0.183333 0.031250 0.041667
2 0.953125 0.154167 0.031250 0.041667
1 0.659375 0.222222 0.052083 0.069444
1 0.584375 0.159722 0.052083 0.069444
1 0.735417 0.125000 0.052083 0.069444
1 0.548958 0.118056 0.052083 0.069444
1 0.435417 0.104167 0.052083 0.069444
2 0.690625 0.000000 0.031250 0.041667
1 0.292708 -0.027778 0.052083 0.069444