0 0.098958 0.702778 0.052083 0.069444
2 0.561458 0.850000 0.031250 0.041667
2 1.011458 0.787500 0.031250 0.041667
2 0.748958 0.737500 0.031250 0.041667
2 0.277083 0.687500 0.031250 0.041667
1 0.668750 0.958333 0.052083 0.069444
2 0.581250 0.562500 0.031250 0.041667
2 0.702083 0.554167 0.031250 0.041667
1 0.869792 0.604167 0.052083 0.069444
1 0.969792 0.520833 0.052083 0.069444
1 0.834375 0.430556 0.052083 0.069444
1 0.558333 0.409722 0.052083 0.069444
1 0.762500 0.055556 0.052083 0.069444
1 0.113542 -0.020833 0.052083 0.069444
3 0.776042 0.916667 0.333333 0.166667