0 0.203125 0.763889 0.052083 0.069444
1 0.584375 1.013889 0.052083 0.069444
1 0.518750 0.972222 0.052083 0.069444
1 0.589583 0.944444 0.052083 0.069444
1 0.575000 0.895833 0.052083 0.069444
1 0.694792 0.881944 0.052083 0.069444
1 0.840625 0.854167 0.052083 0.069444
2 0.670833 0.350000 0.031250 0.041667
1 0.219792 0.513889 0.052083 0.069444
1 0.685417 0.479167 0.052083 0.069444
1 0.309375 0.472222 0.052083 0.069444
2 -0.005208 0.195833 0.031250 0.041667
1 0.621875 0.284722 0.052083 0.069444
1 0.148958 0.263889 0.052083 0.069444
2 0.478125 0.120833 0.031250 0.041667
1 0.476042 0.034722 0.052083 0.069444
2 0.477083 -0.020833 0.031250 0.041667