0 0.359375 0.965278 0.052083 0.069444
2 0.747917 0.895833 0.031250 0.041667
2 0.868750 0.887500 0.031250 0.041667
1 1.001042 0.986111 0.052083 0.069444
1 0.558333 0.965278 0.052083 0.069444
1 0.762500 0.611111 0.052083 0.069444
1 0.916667 0.534722 0.052083 0.069444
2 0.150000 0.287500 0.031250 0.041667
2 0.613542 0.220833 0.031250 0.041667
1 0.157292 0.333333 0.052083 0.069444
1 0.678125 0.312500 0.052083 0.069444
1 0.276042 0.270833 0.052083 0.069444
1 0.811458 0.263889 0.052083 0.069444
1 0.811458 0.222222 0.052083 0.069444
1 0.590625 0.034722 0.052083 0.069444
1 0.476042 0.020833 0.052083 0.069444
4 0.776042 0.916667 0.333333 0.166667