0 0.192708 0.965278 0.052083 0.069444
2 0.150000 0.912500 0.031250 0.041667
1 0.036458 0.965278 0.052083 0.069444
2 0.962500 0.570833 0.031250 0.041667
1 0.029167 0.916667 0.052083 0.069444
2 0.083333 0.325000 0.031250 0.041667
1 0.479167 0.534722 0.052083 0.069444
1 0.478125 0.493056 0.052083 0.069444
2 0.976042 0.225000 0.031250 0.041667
2 0.793750 0.200000 0.031250 0.041667
1 0.270833 0.284722 0.052083 0.069444
1 0.767708 0.104167 0.052083 0.069444
1 0.476042 0.083333 0.052083 0.069444
2 0.340625 0.016667 0.031250 0.041667
1 0.751042 0.006944 0.052083 0.069444
1 0.861458 0.000000 0.052083 0.069444
1 0.583333 -0.034722 0.052083 0.069444