0 0.317708 0.722222 0.052083 0.069444
2 0.082292 0.995833 0.031250 0.041667
2 0.644792 0.945833 0.031250 0.041667
2 0.685417 0.770833 0.031250 0.041667
2 0.806250 0.762500 0.031250 0.041667
1 0.713542 0.951389 0.052083 0.069444
1 0.070833 0.868056 0.052083 0.069444
1 0.938542 0.777778 0.052083 0.069444
1 0.558333 0.756944 0.052083 0.069444
1 0.762500 0.402778 0.052083 0.069444
1 1.010417 0.326389 0.052083 0.069444
2 0.150000 0.162500 0.031250 0.041667
2 0.644792 0.095833 0.031250 0.041667
1 0.251042 0.125000 0.052083 0.069444
1 0.584375 0.104167 0.052083 0.069444
1 0.307292 0.062500 0.052083 0.069444
1 0.717708 0.055556 0.052083 0.069444
1 0.905208 0.013889 0.052083 0.069444
4 0.776042 0.916667 0.333333 0.166667