0 0.380208 0.709722 0.052083 0.069444
2 0.121875 0.620833 0.031250 0.041667
1 0.198958 0.993056 0.052083 0.069444
2 0.559375 0.491667 0.031250 0.041667
1 1.015625 0.729167 0.052083 0.069444
1 0.579167 0.687500 0.052083 0.069444
1 0.782292 0.604167 0.052083 0.069444
1 0.597917 0.500000 0.052083 0.069444
2 0.106250 0.225000 0.031250 0.041667
2 0.921875 0.195833 0.031250 0.041667
1 0.638542 0.291667 0.052083 0.069444
1 0.553125 0.229167 0.052083 0.069444
1 0.766667 0.194444 0.052083 0.069444
1 0.528125 0.187500 0.052083 0.069444
1 0.425000 0.173611 0.052083 0.069444
2 0.711458 0.041667 0.031250 0.041667
1 0.282292 0.041667 0.052083 0.069444
1 0.834375 0.006944 0.052083 0.069444
2 0.356250 0.000000 0.031250 0.041667
2 0.071875 -0.004167 0.031250 0.041667
1 0.313542 -0.013889 0.052083 0.069444