0 0.317708 0.702778 0.052083 0.069444
2 0.077083 0.929167 0.031250 0.041667
2 0.125000 0.879167 0.031250 0.041667
2 0.628125 0.762500 0.031250 0.041667
2 0.591667 0.700000 0.031250 0.041667
1 0.221875 0.958333 0.052083 0.069444
1 0.084375 0.861111 0.052083 0.069444
2 0.603125 0.512500 0.031250 0.041667
2 0.702083 0.508333 0.031250 0.041667
1 0.612500 0.819444 0.052083 0.069444
1 1.018750 0.777778 0.052083 0.069444
2 0.083333 0.458333 0.031250 0.041667
2 0.114583 0.437500 0.031250 0.041667
1 0.766667 0.666667 0.052083 0.069444
1 0.507292 0.611111 0.052083 0.069444
1 0.818750 0.486111 0.052083 0.069444
1 0.478125 0.479167 0.052083 0.069444
2 0.886458 0.175000 0.031250 0.041667
1 0.152083 0.138889 0.052083 0.069444
1 0.834375 0.118056 0.052083 0.069444
1 0.469792 0.062500 0.052083 0.069444
3 0.785417 0.916667 0.333333 0.166667