0 0.182292 0.751389 0.052083 0.069444
2 0.129167 0.820833 0.031250 0.041667
2 0.933333 0.808333 0.031250 0.041667
1 0.630208 0.923611 0.052083 0.069444
1 0.658333 0.861111 0.052083 0.069444
1 0.435417 0.715278 0.052083 0.069444
1 0.410417 0.666667 0.052083 0.069444
1 0.709375 0.597222 0.052083 0.069444
1 0.581250 0.555556 0.052083 0.069444
1 0.652083 0.527778 0.052083 0.069444
1 0.512500 0.479167 0.052083 0.069444
1 0.694792 0.465278 0.052083 0.069444
1 0.965625 0.437500 0.052083 0.069444
2 0.733333 0.100000 0.031250 0.041667
1 0.094792 0.097222 0.052083 0.069444
1 0.497917 0.062500 0.052083 0.069444
1 0.121875 0.055556 0.052083 0.069444