0 0.838542 0.705556 0.052083 0.069444
2 0.645833 0.979167 0.031250 0.041667
2 0.007292 0.933333 0.031250 0.041667
2 0.750000 0.625000 0.031250 0.041667
1 0.298958 1.027778 0.052083 0.069444
1 0.829167 0.902778 0.052083 0.069444
1 0.121875 0.645833 0.052083 0.069444
2 0.063542 0.341667 0.031250 0.041667
1 0.684375 0.555556 0.052083 0.069444
1 0.647917 0.520833 0.052083 0.069444
1 0.842708 0.493056 0.052083 0.069444
2 1.015625 0.212500 0.031250 0.041667
1 0.285417 0.298611 0.052083 0.069444
2 0.422917 0.129167 0.031250 0.041667
4 0.470833 0.916667 0.333333 0.166667