0 0.369792 0.965278 0.052083 0.069444
2 0.003125 0.729167 0.031250 0.041667
2 0.662500 0.595833 0.031250 0.041667
2 0.621875 0.533333 0.031250 0.041667
1 0.250000 0.833333 0.052083 0.069444
1 0.934375 0.791667 0.052083 0.069444
1 0.594792 0.673611 0.052083 0.069444
2 0.267708 0.366667 0.031250 0.041667
1 -0.007292 0.597222 0.052083 0.069444
2 0.034375 0.350000 0.031250 0.041667
1 0.277083 0.576389 0.052083 0.069444
1 0.200000 0.555556 0.052083 0.069444
1 0.025000 0.493056 0.052083 0.069444
1 0.112500 0.465278 0.052083 0.069444
1 0.277083 0.277778 0.052083 0.069444
1 0.294792 0.263889 0.052083 0.069444
2 0.255208 0.108333 0.031250 0.041667
1 0.268750 0.006944 0.052083 0.069444
4 0.585417 0.916667 0.333333 0.166667