0 0.171875 0.722222 0.052083 0.069444
2 0.505208 0.858333 0.031250 0.041667
2 0.240625 0.745833 0.031250 0.041667
2 0.372917 0.625000 0.031250 0.041667
1 0.712500 0.888889 0.052083 0.069444
1 0.379167 0.861111 0.052083 0.069444
1 0.291667 0.493056 0.052083 0.069444
2 0.578125 0.275000 0.031250 0.041667
1 1.005208 0.395833 0.052083 0.069444
1 0.054167 0.381944 0.052083 0.069444
1 0.147917 0.333333 0.052083 0.069444
1 0.907292 0.284722 0.052083 0.069444
1 0.893750 0.277778 0.052083 0.069444
1 0.608333 0.243056 0.052083 0.069444
2 0.344792 0.095833 0.031250 0.041667
1 0.707292 0.097222 0.052083 0.069444