0 0.838542 0.705556 0.052083 0.069444
2 0.890625 0.691667 0.031250 0.041667
1 0.147917 1.027778 0.052083 0.069444
1 1.011458 0.979167 0.052083 0.069444
1 0.152083 0.972222 0.052083 0.069444
1 0.504167 0.937500 0.052083 0.069444
2 0.657292 0.512500 0.031250 0.041667
1 1.019792 0.791667 0.052083 0.069444
1 0.000000 0.465278 0.052083 0.069444
1 0.728125 0.451389 0.052083 0.069444
2 0.448958 0.262500 0.031250 0.041667
2 0.914583 0.250000 0.031250 0.041667
1 0.672917 0.381944 0.052083 0.069444
1 0.930208 0.250000 0.052083 0.069444
3 0.512500 0.916667 0.333333 0.166667