0 0.869792 0.740278 0.052083 0.069444
2 0.903125 0.908333 0.031250 0.041667
2 -0.013542 0.741667 0.031250 0.041667
2 0.221875 0.725000 0.031250 0.041667
1 0.277083 0.902778 0.052083 0.069444
1 0.576042 0.888889 0.052083 0.069444
2 1.006250 0.483333 0.031250 0.041667
1 -0.012500 0.631944 0.052083 0.069444
1 0.875000 0.506944 0.052083 0.069444
1 0.652083 0.451389 0.052083 0.069444
2 0.345833 0.258333 0.031250 0.041667
1 0.394792 0.319444 0.052083 0.069444
1 0.441667 0.222222 0.052083 0.069444
1 0.570833 0.090278 0.052083 0.069444
2 0.425000 0.033333 0.031250 0.041667
2 0.130208 0.000000 0.031250 0.041667