0 0.744792 0.965278 0.052083 0.069444
2 0.190625 0.979167 0.031250 0.041667
2 0.809375 0.783333 0.031250 0.041667
2 0.080208 0.616667 0.031250 0.041667
1 0.180208 1.013889 0.052083 0.069444
2 0.159375 0.600000 0.031250 0.041667
1 0.089583 0.993056 0.052083 0.069444
1 0.262500 0.972222 0.052083 0.069444
1 0.953125 0.909722 0.052083 0.069444
1 0.175000 0.881944 0.052083 0.069444
1 0.277083 0.694444 0.052083 0.069444
1 0.482292 0.680556 0.052083 0.069444
2 0.067708 0.358333 0.031250 0.041667
1 0.081250 0.423611 0.052083 0.069444
1 0.781250 0.298611 0.052083 0.069444
1 0.714583 0.243056 0.052083 0.069444
2 0.408333 0.133333 0.031250 0.041667
1 0.488542 0.111111 0.052083 0.069444
1 0.410417 0.013889 0.052083 0.069444
4 0.585417 0.916667 0.333333 0.166667