0 0.348958 0.965278 0.052083 0.069444
2 0.471875 1.008333 0.031250 0.041667
2 0.312500 0.687500 0.031250 0.041667
2 0.633333 0.620833 0.031250 0.041667
1 0.050000 0.944444 0.052083 0.069444
2 0.827083 0.558333 0.031250 0.041667
1 0.590625 0.805556 0.052083 0.069444
1 0.885417 0.569444 0.052083 0.069444
2 0.253125 0.304167 0.031250 0.041667
1 0.277083 0.493056 0.052083 0.069444
1 0.482292 0.437500 0.052083 0.069444
1 0.732292 0.270833 0.052083 0.069444
2 0.598958 0.145833 0.031250 0.041667
2 0.066667 0.012500 0.031250 0.041667