0 0.453125 0.701389 0.052083 0.069444
1 0.328125 0.923611 0.052083 0.069444
1 0.015625 0.763889 0.052083 0.069444
1 0.894792 0.722222 0.052083 0.069444
1 0.265625 0.631944 0.052083 0.069444
2 0.179167 0.375000 0.031250 0.041667
1 0.845833 0.604167 0.052083 0.069444
2 0.971875 0.341667 0.031250 0.041667
1 0.003125 0.548611 0.052083 0.069444
1 0.793750 0.472222 0.052083 0.069444
1 0.567708 0.152778 0.052083 0.069444
2 0.721875 0.079167 0.031250 0.041667
1 0.091667 0.125000 0.052083 0.069444
1 0.538542 0.097222 0.052083 0.069444
1 0.195833 0.041667 0.052083 0.069444
2 0.312500 0.020833 0.031250 0.041667
1 0.283333 0.013889 0.052083 0.069444