0 0.505208 0.965278 0.052083 0.069444
2 0.477083 0.583333 0.031250 0.041667
1 0.957292 0.923611 0.052083 0.069444
1 0.369792 0.784722 0.052083 0.069444
1 -0.026042 0.625000 0.052083 0.069444
1 0.894792 0.583333 0.052083 0.069444
1 0.244792 0.493056 0.052083 0.069444
2 0.158333 0.291667 0.031250 0.041667
1 0.825000 0.465278 0.052083 0.069444
2 0.000000 0.258333 0.031250 0.041667
1 0.023958 0.409722 0.052083 0.069444
1 0.814583 0.333333 0.052083 0.069444
1 0.567708 0.013889 0.052083 0.069444
2 0.784375 -0.004167 0.031250 0.041667
1 0.050000 -0.013889 0.052083 0.069444