0 0.432292 0.702778 0.052083 0.069444
2 0.973958 0.645833 0.031250 0.041667
2 0.725000 0.512500 0.031250 0.041667
2 0.559375 0.450000 0.031250 0.041667
1 0.270833 0.694444 0.052083 0.069444
1 0.976042 0.652778 0.052083 0.069444
1 0.615625 0.534722 0.052083 0.069444
2 0.330208 0.283333 0.031250 0.041667
1 0.985417 0.458333 0.052083 0.069444
2 -0.007292 0.266667 0.031250 0.041667
1 0.339583 0.437500 0.052083 0.069444
1 0.179167 0.416667 0.052083 0.069444
1 0.066667 0.354167 0.052083 0.069444
1 0.091667 0.326389 0.052083 0.069444
1 0.277083 0.138889 0.052083 0.069444
1 0.232292 0.125000 0.052083 0.069444
2 0.317708 0.025000 0.031250 0.041667
4 0.585417 0.916667 0.333333 0.166667