0 0.515625 0.868056 0.052083 0.069444
1 0.078125 0.972222 0.052083 0.069444
1 0.894792 0.930556 0.052083 0.069444
1 0.296875 0.840278 0.052083 0.069444
2 0.210417 0.500000 0.031250 0.041667
1 0.877083 0.812500 0.052083 0.069444
2 0.878125 0.466667 0.031250 0.041667
1 1.025000 0.756944 0.052083 0.069444
1 0.762500 0.680556 0.052083 0.069444
1 0.567708 0.361111 0.052083 0.069444
2 0.628125 0.204167 0.031250 0.041667
1 0.154167 0.333333 0.052083 0.069444
1 0.476042 0.305556 0.052083 0.069444
1 0.102083 0.250000 0.052083 0.069444
2 0.312500 0.145833 0.031250 0.041667
1 0.314583 0.222222 0.052083 0.069444
2 0.633333 0.079167 0.031250 0.041667
1 0.050000 0.041667 0.052083 0.069444
2 0.420833 0.016667 0.031250 0.041667