0 0.109375 0.868056 0.052083 0.069444
2 0.262500 0.708333 0.031250 0.041667
2 0.721875 0.675000 0.031250 0.041667
1 0.710417 1.027778 0.052083 0.069444
1 0.567708 0.708333 0.052083 0.069444
2 0.471875 0.412500 0.031250 0.041667
1 0.258333 0.680556 0.052083 0.069444
1 0.371875 0.652778 0.052083 0.069444
1 1.001042 0.597222 0.052083 0.069444
2 0.312500 0.354167 0.031250 0.041667
1 0.366667 0.569444 0.052083 0.069444
2 0.633333 0.287500 0.031250 0.041667
1 0.050000 0.388889 0.052083 0.069444
2 0.577083 0.225000 0.031250 0.041667
1 0.340625 0.250000 0.052083 0.069444
1 0.885417 0.013889 0.052083 0.069444