0 0.515625 0.965278 0.052083 0.069444
1 0.057292 0.902778 0.052083 0.069444
1 0.894792 0.861111 0.052083 0.069444
1 0.286458 0.770833 0.052083 0.069444
2 0.200000 0.458333 0.031250 0.041667
1 0.866667 0.743056 0.052083 0.069444
2 0.909375 0.425000 0.031250 0.041667
1 -0.017708 0.687500 0.052083 0.069444
1 0.772917 0.611111 0.052083 0.069444
1 0.567708 0.291667 0.052083 0.069444
2 0.659375 0.162500 0.031250 0.041667
1 0.133333 0.263889 0.052083 0.069444
1 0.496875 0.236111 0.052083 0.069444
1 0.133333 0.180556 0.052083 0.069444
2 0.312500 0.104167 0.031250 0.041667
1 0.304167 0.152778 0.052083 0.069444
2 0.633333 0.037500 0.031250 0.041667
1 0.050000 -0.027778 0.052083 0.069444