0 0.140625 0.965278 0.052083 0.069444
2 0.790625 0.770833 0.031250 0.041667
1 0.704167 1.027778 0.052083 0.069444
1 0.373958 0.993056 0.052083 0.069444
1 0.439583 0.986111 0.052083 0.069444
1 0.837500 0.708333 0.052083 0.069444
1 0.550000 0.506944 0.052083 0.069444
1 0.646875 0.409722 0.052083 0.069444
1 0.572917 0.347222 0.052083 0.069444
1 0.233333 0.333333 0.052083 0.069444
1 0.557292 0.208333 0.052083 0.069444
1 0.722917 0.159722 0.052083 0.069444
1 0.936458 0.145833 0.052083 0.069444
1 0.361458 0.111111 0.052083 0.069444