0 0.953125 0.965278 0.052083 0.069444
2 0.911458 0.970833 0.031250 0.041667
2 0.238542 0.558333 0.031250 0.041667
1 0.080208 0.916667 0.052083 0.069444
2 0.059375 0.483333 0.031250 0.041667
1 0.014583 0.756944 0.052083 0.069444
1 0.747917 0.722222 0.052083 0.069444
1 0.454167 0.659722 0.052083 0.069444
1 0.380208 0.569444 0.052083 0.069444
1 0.186458 0.395833 0.052083 0.069444
1 0.158333 0.284722 0.052083 0.069444
1 0.229167 0.270833 0.052083 0.069444
1 0.936458 0.062500 0.052083 0.069444
4 0.166667 0.916667 0.333333 0.166667