0 0.526042 0.709722 0.052083 0.069444
2 0.909375 0.900000 0.031250 0.041667
1 0.014583 0.993056 0.052083 0.069444
1 0.279167 0.986111 0.052083 0.069444
1 0.715625 0.881944 0.052083 0.069444
1 0.821875 0.777778 0.052083 0.069444
2 0.459375 0.412500 0.031250 0.041667
1 0.418750 0.444444 0.052083 0.069444
1 0.209375 0.423611 0.052083 0.069444
1 0.048958 0.347222 0.052083 0.069444
1 0.294792 0.291667 0.052083 0.069444
1 0.806250 0.256944 0.052083 0.069444
1 0.304167 0.076389 0.052083 0.069444
1 0.651042 -0.006944 0.052083 0.069444