0 0.661458 0.965278 0.052083 0.069444
2 0.751042 0.762500 0.031250 0.041667
2 0.882292 0.654167 0.031250 0.041667
2 0.011458 0.516667 0.031250 0.041667
1 0.138542 0.763889 0.052083 0.069444
1 0.519792 0.756944 0.052083 0.069444
1 0.806250 0.729167 0.052083 0.069444
1 0.481250 0.638889 0.052083 0.069444
1 0.782292 0.625000 0.052083 0.069444
1 -0.025000 0.486111 0.052083 0.069444
2 0.596875 0.183333 0.031250 0.041667
1 0.714583 0.291667 0.052083 0.069444
1 0.701042 0.215278 0.052083 0.069444
1 0.895833 0.173611 0.052083 0.069444
2 0.983333 0.100000 0.031250 0.041667
1 0.228125 0.104167 0.052083 0.069444
1 0.069792 0.048611 0.052083 0.069444
3 0.316667 0.916667 0.333333 0.166667