0 0.755208 0.965278 0.052083 0.069444
2 0.209375 0.912500 0.031250 0.041667
1 0.429167 0.909722 0.052083 0.069444
1 0.651042 0.826389 0.052083 0.069444
1 0.689583 0.777778 0.052083 0.069444
1 -0.023958 0.743056 0.052083 0.069444
1 0.694792 0.694444 0.052083 0.069444
1 0.358333 0.666667 0.052083 0.069444
1 0.189583 0.500000 0.052083 0.069444
1 0.030208 0.451389 0.052083 0.069444
2 0.531250 0.254167 0.031250 0.041667
1 0.658333 0.166667 0.052083 0.069444
1 0.091667 0.131944 0.052083 0.069444
2 0.978125 0.058333 0.031250 0.041667
2 0.115625 0.020833 0.031250 0.041667
3 0.306250 0.916667 0.333333 0.166667