0 0.776042 0.890278 0.052083 0.069444
2 0.278125 0.895833 0.031250 0.041667
2 0.446875 0.883333 0.031250 0.041667
2 0.805208 0.687500 0.031250 0.041667
1 -0.021875 1.020833 0.052083 0.069444
1 0.323958 0.972222 0.052083 0.069444
2 0.640625 0.570833 0.031250 0.041667
1 0.298958 0.861111 0.052083 0.069444
1 0.130208 0.854167 0.052083 0.069444
2 0.322917 0.508333 0.031250 0.041667
1 0.473958 0.819444 0.052083 0.069444
1 0.393750 0.666667 0.052083 0.069444
1 0.882292 0.597222 0.052083 0.069444
2 0.628125 0.312500 0.031250 0.041667