0 0.411458 0.777778 0.052083 0.069444
1 0.743750 0.659722 0.052083 0.069444
1 0.165625 0.652778 0.052083 0.069444
2 0.148958 0.387500 0.031250 0.041667
2 0.139583 0.379167 0.031250 0.041667
2 0.643750 0.270833 0.031250 0.041667
2 0.627083 0.237500 0.031250 0.041667
1 0.492708 0.388889 0.052083 0.069444
1 0.710417 0.361111 0.052083 0.069444
1 0.125000 0.333333 0.052083 0.069444
1 0.280208 0.263889 0.052083 0.069444
2 0.086458 0.112500 0.031250 0.041667
2 0.418750 0.100000 0.031250 0.041667
1 0.448958 0.131944 0.052083 0.069444
1 0.440625 0.062500 0.052083 0.069444
1 0.227083 0.055556 0.052083 0.069444
2 0.822917 0.020833 0.031250 0.041667