0 0.557292 0.965278 0.052083 0.069444
2 0.732292 0.858333 0.031250 0.041667
2 0.609375 0.850000 0.031250 0.041667
1 0.321875 0.937500 0.052083 0.069444
1 1.005208 0.784722 0.052083 0.069444
2 0.513542 0.404167 0.031250 0.041667
1 0.177083 0.659722 0.052083 0.069444
1 0.250000 0.625000 0.052083 0.069444
2 0.089583 0.237500 0.031250 0.041667
1 0.405208 0.375000 0.052083 0.069444
2 0.368750 0.137500 0.031250 0.041667
1 0.352083 0.208333 0.052083 0.069444
1 0.650000 0.187500 0.052083 0.069444
1 0.060417 0.041667 0.052083 0.069444