0 0.703125 0.763889 0.052083 0.069444
1 0.358333 1.013889 0.052083 0.069444
1 0.137500 0.847222 0.052083 0.069444
1 0.186458 0.798611 0.052083 0.069444
2 0.635417 0.462500 0.031250 0.041667
1 0.606250 0.513889 0.052083 0.069444
1 0.091667 0.479167 0.052083 0.069444
2 0.100000 0.266667 0.031250 0.041667
2 0.219792 0.229167 0.031250 0.041667
1 0.447917 0.298611 0.052083 0.069444
2 0.403125 0.100000 0.031250 0.041667
2 0.135417 0.058333 0.031250 0.041667
1 0.215625 0.062500 0.052083 0.069444
1 0.708333 -0.020833 0.052083 0.069444
4 0.306250 0.916667 0.333333 0.166667