0 0.651042 0.890278 0.052083 0.069444
2 0.180208 1.016667 0.031250 0.041667
2 0.015625 0.804167 0.031250 0.041667
2 0.460417 0.595833 0.031250 0.041667
1 0.496875 0.895833 0.052083 0.069444
1 0.176042 0.819444 0.052083 0.069444
2 0.940625 0.458333 0.031250 0.041667
1 0.033333 0.729167 0.052083 0.069444
1 0.358333 0.402778 0.052083 0.069444
2 0.346875 0.187500 0.031250 0.041667
1 0.182292 0.263889 0.052083 0.069444
2 0.435417 0.104167 0.031250 0.041667
1 0.512500 0.131944 0.052083 0.069444
1 0.633333 0.125000 0.052083 0.069444
1 0.487500 0.104167 0.052083 0.069444
1 0.478125 0.020833 0.052083 0.069444