0 0.755208 0.777778 0.052083 0.069444
2 0.216667 0.920833 0.031250 0.041667
1 -0.013542 0.972222 0.052083 0.069444
1 0.381250 0.895833 0.052083 0.069444
2 1.009375 0.533333 0.031250 0.041667
1 0.505208 0.826389 0.052083 0.069444
2 0.046875 0.445833 0.031250 0.041667
1 0.070833 0.687500 0.052083 0.069444
1 0.042708 0.673611 0.052083 0.069444
1 0.361458 0.625000 0.052083 0.069444
1 0.521875 0.604167 0.052083 0.069444
1 0.834375 0.569444 0.052083 0.069444
2 0.559375 0.333333 0.031250 0.041667
2 0.097917 0.312500 0.031250 0.041667
2 0.963542 0.308333 0.031250 0.041667
1 0.779167 0.277778 0.052083 0.069444
2 0.362500 0.158333 0.031250 0.041667
2 0.703125 0.050000 0.031250 0.041667
2 0.694792 0.041667 0.031250 0.041667
1 0.594792 -0.006944 0.052083 0.069444
1 0.834375 -0.027778 0.052083 0.069444