0 0.953125 0.965278 0.052083 0.069444
2 0.890625 0.929167 0.031250 0.041667
2 0.238542 0.516667 0.031250 0.041667
1 0.059375 0.847222 0.052083 0.069444
2 0.080208 0.441667 0.031250 0.041667
1 0.004167 0.687500 0.052083 0.069444
1 0.727083 0.652778 0.052083 0.069444
1 0.464583 0.590278 0.052083 0.069444
1 0.401042 0.500000 0.052083 0.069444
1 0.186458 0.326389 0.052083 0.069444
1 0.158333 0.215278 0.052083 0.069444
1 0.208333 0.201389 0.052083 0.069444
1 0.936458 -0.006944 0.052083 0.069444
4 0.166667 0.916667 0.333333 0.166667