0 0.661458 0.965278 0.052083 0.069444
2 0.313542 0.704167 0.031250 0.041667
1 0.418750 0.930556 0.052083 0.069444
1 0.355208 0.909722 0.052083 0.069444
1 0.957292 0.833333 0.052083 0.069444
1 0.440625 0.777778 0.052083 0.069444
1 0.806250 0.743056 0.052083 0.069444
1 0.377083 0.562500 0.052083 0.069444
1 0.651042 0.479167 0.052083 0.069444
1 0.585417 0.430556 0.052083 0.069444
1 0.028125 0.395833 0.052083 0.069444
1 0.538542 0.347222 0.052083 0.069444
1 0.358333 0.319444 0.052083 0.069444
1 0.241667 0.152778 0.052083 0.069444
1 0.929167 0.104167 0.052083 0.069444
2 0.427083 0.045833 0.031250 0.041667
3 0.306250 0.916667 0.333333 0.166667