0 0.265625 0.913889 0.052083 0.069444
2 0.728125 0.908333 0.031250 0.041667
2 0.892708 0.820833 0.031250 0.041667
2 0.278125 0.708333 0.031250 0.041667
2 0.850000 0.687500 0.031250 0.041667
2 0.117708 0.683333 0.031250 0.041667
1 0.779167 0.902778 0.052083 0.069444
2 0.362500 0.533333 0.031250 0.041667
2 0.421875 0.425000 0.031250 0.041667
2 0.976042 0.416667 0.031250 0.041667
1 0.594792 0.618056 0.052083 0.069444
1 0.646875 0.597222 0.052083 0.069444
1 0.012500 0.527778 0.052083 0.069444
1 0.605208 0.506944 0.052083 0.069444
1 0.131250 0.312500 0.052083 0.069444
2 0.162500 0.141667 0.031250 0.041667