0 0.380208 0.965278 0.052083 0.069444
2 0.078125 0.791667 0.031250 0.041667
1 0.482292 0.930556 0.052083 0.069444
1 0.330208 0.888889 0.052083 0.069444
1 0.888542 0.881944 0.052083 0.069444
1 0.229167 0.791667 0.052083 0.069444
2 0.107292 0.345833 0.031250 0.041667
1 0.567708 0.513889 0.052083 0.069444
1 0.133333 0.291667 0.052083 0.069444
1 0.561458 0.215278 0.052083 0.069444
1 0.345833 0.187500 0.052083 0.069444
1 0.831250 0.145833 0.052083 0.069444
2 0.206250 0.041667 0.031250 0.041667
1 0.464583 0.048611 0.052083 0.069444
3 0.833333 0.916667 0.333333 0.166667