0 0.598958 0.965278 0.052083 0.069444
2 0.057292 0.883333 0.031250 0.041667
1 0.186458 0.854167 0.052083 0.069444
1 0.023958 0.840278 0.052083 0.069444
1 0.991667 0.743056 0.052083 0.069444
1 0.781250 0.722222 0.052083 0.069444
2 0.384375 0.379167 0.031250 0.041667
1 0.830208 0.597222 0.052083 0.069444
2 0.262500 0.287500 0.031250 0.041667
1 0.517708 0.333333 0.052083 0.069444
1 0.496875 0.208333 0.052083 0.069444
1 0.097917 0.194444 0.052083 0.069444
1 0.212500 0.173611 0.052083 0.069444
1 0.955208 0.034722 0.052083 0.069444