0 0.755208 0.715278 0.052083 0.069444
2 0.037500 0.904167 0.031250 0.041667
2 0.486458 0.483333 0.031250 0.041667
1 0.307292 0.694444 0.052083 0.069444
1 0.534375 0.687500 0.052083 0.069444
1 0.152083 0.583333 0.052083 0.069444
2 0.855208 0.345833 0.031250 0.041667
1 0.582292 0.472222 0.052083 0.069444
2 0.882292 0.237500 0.031250 0.041667
1 0.301042 0.347222 0.052083 0.069444
2 0.323958 0.100000 0.031250 0.041667
1 0.451042 0.069444 0.052083 0.069444
1 0.623958 0.062500 0.052083 0.069444
1 0.493750 0.034722 0.052083 0.069444