0 0.796875 0.965278 0.052083 0.069444
2 0.306250 0.754167 0.031250 0.041667
2 0.818750 0.666667 0.031250 0.041667
2 0.722917 0.620833 0.031250 0.041667
2 0.702083 0.587500 0.031250 0.041667
1 0.515625 0.937500 0.052083 0.069444
1 0.096875 0.916667 0.052083 0.069444
1 0.354167 0.493056 0.052083 0.069444
2 0.852083 0.279167 0.031250 0.041667
2 0.366667 0.258333 0.031250 0.041667
1 0.994792 0.388889 0.052083 0.069444
1 0.183333 0.319444 0.052083 0.069444
2 0.189583 0.150000 0.031250 0.041667
2 0.571875 0.141667 0.031250 0.041667
1 0.470833 0.166667 0.052083 0.069444
4 0.435417 0.916667 0.333333 0.166667