0 0.609375 0.702778 0.052083 0.069444
2 0.882292 0.779167 0.031250 0.041667
2 0.950000 0.641667 0.031250 0.041667
1 0.044792 0.972222 0.052083 0.069444
1 0.488542 0.965278 0.052083 0.069444
1 0.900000 0.937500 0.052083 0.069444
1 0.418750 0.847222 0.052083 0.069444
1 0.751042 0.833333 0.052083 0.069444
1 0.935417 0.694444 0.052083 0.069444
2 0.628125 0.308333 0.031250 0.041667
1 0.714583 0.500000 0.052083 0.069444
1 0.669792 0.423611 0.052083 0.069444
1 0.958333 0.381944 0.052083 0.069444
2 1.014583 0.225000 0.031250 0.041667
1 0.196875 0.312500 0.052083 0.069444
1 0.069792 0.256944 0.052083 0.069444
1 0.182292 0.118056 0.052083 0.069444
2 0.454167 0.012500 0.031250 0.041667
3 0.316667 0.916667 0.333333 0.166667