0 0.744792 0.890278 0.052083 0.069444
2 0.514583 0.895833 0.031250 0.041667
2 0.456250 0.733333 0.031250 0.041667
2 0.359375 0.566667 0.031250 0.041667
2 0.914583 0.495833 0.031250 0.041667
2 0.023958 0.391667 0.031250 0.041667
2 0.370833 0.383333 0.031250 0.041667
1 0.769792 0.541667 0.052083 0.069444
1 0.595833 0.493056 0.052083 0.069444
1 0.388542 0.472222 0.052083 0.069444
1 0.313542 0.277778 0.052083 0.069444
1 0.456250 0.263889 0.052083 0.069444
1 0.841667 0.229167 0.052083 0.069444
1 1.025000 0.208333 0.052083 0.069444
1 0.751042 0.166667 0.052083 0.069444
1 0.637500 0.055556 0.052083 0.069444