0 0.151042 0.709722 0.052083 0.069444
2 0.859375 0.795833 0.031250 0.041667
2 0.435417 0.687500 0.031250 0.041667
2 0.731250 0.654167 0.031250 0.041667
1 0.969792 1.027778 0.052083 0.069444
1 1.022917 0.958333 0.052083 0.069444
2 0.086458 0.529167 0.031250 0.041667
2 0.418750 0.516667 0.031250 0.041667
1 0.448958 0.826389 0.052083 0.069444
1 0.336458 0.756944 0.052083 0.069444
1 0.018750 0.750000 0.052083 0.069444
2 0.510417 0.437500 0.031250 0.041667
1 0.623958 0.569444 0.052083 0.069444
2 0.509375 0.283333 0.031250 0.041667
1 0.713542 0.416667 0.052083 0.069444
2 0.603125 0.241667 0.031250 0.041667
1 0.073958 0.298611 0.052083 0.069444
2 0.715625 0.145833 0.031250 0.041667