0 0.536458 0.763889 0.052083 0.069444
2 0.882292 0.904167 0.031250 0.041667
2 0.856250 0.766667 0.031250 0.041667
1 0.841667 0.902778 0.052083 0.069444
2 0.659375 0.433333 0.031250 0.041667
1 0.714583 0.708333 0.052083 0.069444
1 0.638542 0.631944 0.052083 0.069444
1 1.020833 0.590278 0.052083 0.069444
2 0.013542 0.350000 0.031250 0.041667
1 0.165625 0.520833 0.052083 0.069444
1 0.069792 0.465278 0.052083 0.069444
1 0.088542 0.326389 0.052083 0.069444
2 0.547917 0.137500 0.031250 0.041667
1 0.361458 0.159722 0.052083 0.069444
1 0.813542 -0.013889 0.052083 0.069444
3 0.316667 0.916667 0.333333 0.166667