0 0.390625 0.847222 0.052083 0.069444
1 0.859375 0.895833 0.052083 0.069444
1 0.913542 0.722222 0.052083 0.069444
1 0.675000 0.638889 0.052083 0.069444
1 0.221875 0.590278 0.052083 0.069444
2 0.623958 0.320833 0.031250 0.041667
1 0.542708 0.493056 0.052083 0.069444
2 0.940625 0.229167 0.031250 0.041667
2 0.777083 0.216667 0.031250 0.041667
2 0.329167 0.195833 0.031250 0.041667
1 0.465625 0.298611 0.052083 0.069444
1 0.505208 0.284722 0.052083 0.069444
1 0.219792 0.250000 0.052083 0.069444
1 0.826042 0.243056 0.052083 0.069444
1 0.586458 0.236111 0.052083 0.069444
2 0.563542 0.108333 0.031250 0.041667
2 0.741667 0.020833 0.031250 0.041667
1 0.466667 0.020833 0.052083 0.069444
2 0.344792 -0.004167 0.031250 0.041667
2 0.145833 -0.020833 0.031250 0.041667