0 0.755208 0.965278 0.052083 0.069444
1 0.657292 0.930556 0.052083 0.069444
1 0.952083 0.909722 0.052083 0.069444
2 0.682292 0.512500 0.031250 0.041667
1 0.740625 0.708333 0.052083 0.069444
1 0.030208 0.583333 0.052083 0.069444
1 0.882292 0.520833 0.052083 0.069444
1 0.362500 0.513889 0.052083 0.069444
1 0.711458 0.506944 0.052083 0.069444
1 0.298958 0.493056 0.052083 0.069444
2 0.238542 0.100000 0.031250 0.041667
1 0.905208 0.152778 0.052083 0.069444
2 0.288542 0.025000 0.031250 0.041667
1 0.953125 -0.006944 0.052083 0.069444
3 0.166667 0.916667 0.333333 0.166667