0 0.223958 0.847222 0.052083 0.069444
2 0.631250 0.979167 0.031250 0.041667
2 0.203125 0.716667 0.031250 0.041667
2 0.162500 0.708333 0.031250 0.041667
1 0.847917 1.013889 0.052083 0.069444
1 0.751042 0.993056 0.052083 0.069444
1 0.966667 0.798611 0.052083 0.069444
2 0.381250 0.433333 0.031250 0.041667
1 0.254167 0.437500 0.052083 0.069444
1 0.650000 0.270833 0.052083 0.069444
1 0.148958 0.256944 0.052083 0.069444
1 0.517708 0.250000 0.052083 0.069444
1 0.916667 0.138889 0.052083 0.069444
2 0.641667 0.079167 0.031250 0.041667
1 0.903125 -0.020833 0.052083 0.069444
1 0.276042 -0.027778 0.052083 0.069444