0 0.640625 0.965278 0.052083 0.069444
2 0.194792 0.729167 0.031250 0.041667
2 0.321875 0.716667 0.031250 0.041667
1 0.902083 1.020833 0.052083 0.069444
1 0.743750 0.979167 0.052083 0.069444
1 0.550000 0.916667 0.052083 0.069444
2 0.888542 0.520833 0.031250 0.041667
1 0.989583 0.743056 0.052083 0.069444
1 0.198958 0.694444 0.052083 0.069444
2 0.598958 0.404167 0.031250 0.041667
1 0.382292 0.583333 0.052083 0.069444
1 0.005208 0.576389 0.052083 0.069444
2 0.406250 0.341667 0.031250 0.041667
1 0.598958 0.541667 0.052083 0.069444
1 0.435417 0.388889 0.052083 0.069444
1 0.840625 0.319444 0.052083 0.069444
2 0.586458 0.145833 0.031250 0.041667