0 0.619792 0.965278 0.052083 0.069444
2 0.759375 0.783333 0.031250 0.041667
2 0.728125 0.741667 0.031250 0.041667
2 0.340625 0.645833 0.031250 0.041667
1 0.346875 0.694444 0.052083 0.069444
2 0.334375 0.383333 0.031250 0.041667
1 0.483333 0.479167 0.052083 0.069444
1 0.415625 0.395833 0.052083 0.069444
2 0.230208 0.170833 0.031250 0.041667
1 0.296875 0.222222 0.052083 0.069444
1 0.386458 0.180556 0.052083 0.069444
2 0.914583 0.104167 0.031250 0.041667
2 0.886458 0.091667 0.031250 0.041667
1 0.685417 0.097222 0.052083 0.069444
1 0.706250 0.027778 0.052083 0.069444
1 0.716667 0.006944 0.052083 0.069444
1 0.433333 -0.020833 0.052083 0.069444
3 0.405208 0.916667 0.333333 0.166667