0 0.484375 0.793056 0.052083 0.069444
2 0.823958 0.575000 0.031250 0.041667
2 0.257292 0.562500 0.031250 0.041667
1 0.695833 0.923611 0.052083 0.069444
2 0.571875 0.500000 0.031250 0.041667
1 0.097917 0.812500 0.052083 0.069444
1 0.313542 0.694444 0.052083 0.069444
2 0.395833 0.404167 0.031250 0.041667
1 0.318750 0.652778 0.052083 0.069444
2 0.514583 0.387500 0.031250 0.041667
1 0.710417 0.381944 0.052083 0.069444
2 0.838542 0.087500 0.031250 0.041667
1 0.242708 0.062500 0.052083 0.069444
1 0.693750 0.055556 0.052083 0.069444
1 0.723958 0.027778 0.052083 0.069444
2 0.284375 0.000000 0.031250 0.041667
1 0.850000 -0.013889 0.052083 0.069444
3 0.435417 0.916667 0.333333 0.166667