0 0.348958 0.709722 0.052083 0.069444
2 0.090625 0.912500 0.031250 0.041667
2 0.128125 0.808333 0.031250 0.041667
2 0.162500 0.800000 0.031250 0.041667
1 0.209375 0.972222 0.052083 0.069444
1 0.768750 0.958333 0.052083 0.069444
1 -0.003125 0.923611 0.052083 0.069444
1 0.283333 0.902778 0.052083 0.069444
1 0.542708 0.861111 0.052083 0.069444
1 0.637500 0.750000 0.052083 0.069444
2 0.222917 0.391667 0.031250 0.041667
2 0.365625 0.270833 0.031250 0.041667
1 0.680208 0.083333 0.052083 0.069444
2 0.696875 0.008333 0.031250 0.041667