0 0.661458 0.965278 0.052083 0.069444
2 0.271875 0.787500 0.031250 0.041667
1 0.915625 0.972222 0.052083 0.069444
1 0.482292 0.916667 0.052083 0.069444
1 0.806250 0.881944 0.052083 0.069444
1 0.397917 0.701389 0.052083 0.069444
1 0.651042 0.618056 0.052083 0.069444
1 0.627083 0.569444 0.052083 0.069444
1 0.007292 0.534722 0.052083 0.069444
1 0.601042 0.486111 0.052083 0.069444
1 0.358333 0.458333 0.052083 0.069444
1 0.220833 0.291667 0.052083 0.069444
1 0.991667 0.243056 0.052083 0.069444
2 0.468750 0.129167 0.031250 0.041667
3 0.306250 0.916667 0.333333 0.166667