0 0.369792 0.701389 0.052083 0.069444
2 0.879167 0.837500 0.031250 0.041667
1 0.566667 1.000000 0.052083 0.069444
1 0.187500 0.847222 0.052083 0.069444
1 -0.019792 0.819444 0.052083 0.069444
1 -0.001042 0.743056 0.052083 0.069444
2 0.948958 0.325000 0.031250 0.041667
2 0.382292 0.312500 0.031250 0.041667
1 0.508333 0.506944 0.052083 0.069444
2 0.384375 0.250000 0.031250 0.041667
1 0.222917 0.395833 0.052083 0.069444
1 0.376042 0.277778 0.052083 0.069444
2 0.208333 0.154167 0.031250 0.041667
1 0.506250 0.236111 0.052083 0.069444
2 0.514583 0.137500 0.031250 0.041667
1 0.647917 -0.034722 0.052083 0.069444