0 0.348958 0.751389 0.052083 0.069444
1 0.900000 1.006944 0.052083 0.069444
1 0.113542 1.000000 0.052083 0.069444
2 0.148958 0.595833 0.031250 0.041667
2 1.015625 0.587500 0.031250 0.041667
2 0.539583 0.479167 0.031250 0.041667
2 0.679167 0.445833 0.031250 0.041667
1 0.544792 0.736111 0.052083 0.069444
1 0.814583 0.708333 0.052083 0.069444
1 0.020833 0.680556 0.052083 0.069444
1 0.123958 0.611111 0.052083 0.069444
2 0.086458 0.320833 0.031250 0.041667
2 0.418750 0.308333 0.031250 0.041667
1 0.448958 0.479167 0.052083 0.069444
1 0.388542 0.409722 0.052083 0.069444
1 0.122917 0.402778 0.052083 0.069444
2 0.666667 0.229167 0.031250 0.041667
1 0.571875 0.222222 0.052083 0.069444
2 0.405208 0.075000 0.031250 0.041667
1 0.609375 0.069444 0.052083 0.069444
2 0.551042 0.033333 0.031250 0.041667