0 0.755208 0.965278 0.052083 0.069444
2 0.546875 0.862500 0.031250 0.041667
2 0.597917 0.729167 0.031250 0.041667
2 0.712500 0.583333 0.031250 0.041667
2 0.497917 0.566667 0.031250 0.041667
1 0.327083 0.895833 0.052083 0.069444
1 0.565625 0.861111 0.052083 0.069444
2 0.359375 0.400000 0.031250 0.041667
2 0.831250 0.329167 0.031250 0.041667
2 1.014583 0.225000 0.031250 0.041667
2 0.454167 0.216667 0.031250 0.041667
1 0.811458 0.263889 0.052083 0.069444
1 0.637500 0.215278 0.052083 0.069444
1 0.513542 0.194444 0.052083 0.069444
1 0.355208 0.000000 0.052083 0.069444
1 0.331250 -0.013889 0.052083 0.069444
4 0.434375 0.916667 0.333333 0.166667