0 0.526042 0.890278 0.052083 0.069444
2 0.846875 0.983333 0.031250 0.041667
1 0.778125 1.020833 0.052083 0.069444
1 0.863542 0.916667 0.052083 0.069444
2 0.417708 0.495833 0.031250 0.041667
1 0.418750 0.583333 0.052083 0.069444
1 0.251042 0.562500 0.052083 0.069444
1 0.007292 0.486111 0.052083 0.069444
1 0.336458 0.430556 0.052083 0.069444
1 0.806250 0.395833 0.052083 0.069444
1 0.325000 0.215278 0.052083 0.069444
1 0.651042 0.131944 0.052083 0.069444
1 0.481250 0.083333 0.052083 0.069444
1 0.080208 0.048611 0.052083 0.069444
1 0.382292 0.000000 0.052083 0.069444
1 0.358333 -0.027778 0.052083 0.069444