0 0.526042 0.965278 0.052083 0.069444
1 0.884375 0.986111 0.052083 0.069444
2 0.396875 0.537500 0.031250 0.041667
1 0.418750 0.652778 0.052083 0.069444
1 0.271875 0.631944 0.052083 0.069444
1 -0.013542 0.555556 0.052083 0.069444
1 0.357292 0.500000 0.052083 0.069444
1 0.806250 0.465278 0.052083 0.069444
1 0.335417 0.284722 0.052083 0.069444
1 0.651042 0.201389 0.052083 0.069444
1 0.502083 0.152778 0.052083 0.069444
1 0.069792 0.118056 0.052083 0.069444
1 0.413542 0.069444 0.052083 0.069444
1 0.358333 0.041667 0.052083 0.069444