0 0.723958 0.868056 0.052083 0.069444
2 0.184375 0.854167 0.031250 0.041667
2 0.438542 0.591667 0.031250 0.041667
1 0.587500 0.826389 0.052083 0.069444
1 0.571875 0.743056 0.052083 0.069444
2 0.386458 0.379167 0.031250 0.041667
1 0.401042 0.569444 0.052083 0.069444
1 0.438542 0.527778 0.052083 0.069444
2 -0.013542 0.312500 0.031250 0.041667
2 0.009375 0.300000 0.031250 0.041667
1 0.841667 0.444444 0.052083 0.069444
1 0.810417 0.375000 0.052083 0.069444
1 0.664583 0.354167 0.052083 0.069444
1 0.589583 0.326389 0.052083 0.069444
1 0.847917 0.284722 0.052083 0.069444
1 0.237500 0.222222 0.052083 0.069444
2 0.063542 0.104167 0.031250 0.041667
1 0.885417 0.048611 0.052083 0.069444
1 0.941667 0.000000 0.052083 0.069444
2 0.494792 -0.012500 0.031250 0.041667
3 0.405208 0.916667 0.333333 0.166667