0 0.796875 0.965278 0.052083 0.069444
2 0.401042 0.858333 0.031250 0.041667
2 0.812500 0.541667 0.031250 0.041667
1 0.983333 0.756944 0.052083 0.069444
2 0.729167 0.425000 0.031250 0.041667
2 0.309375 0.362500 0.031250 0.041667
1 0.501042 0.555556 0.052083 0.069444
1 0.703125 0.527778 0.052083 0.069444
1 0.083333 0.465278 0.052083 0.069444
2 0.750000 0.266667 0.031250 0.041667
1 1.013542 0.430556 0.052083 0.069444
1 0.134375 0.409722 0.052083 0.069444
1 0.597917 0.298611 0.052083 0.069444
2 0.454167 0.154167 0.031250 0.041667
2 0.546875 0.070833 0.031250 0.041667
1 0.663542 -0.027778 0.052083 0.069444