0 0.713542 0.965278 0.052083 0.069444
2 0.230208 0.870833 0.031250 0.041667
1 0.806250 1.020833 0.052083 0.069444
1 0.418750 0.840278 0.052083 0.069444
1 0.651042 0.756944 0.052083 0.069444
1 0.668750 0.708333 0.052083 0.069444
1 -0.013542 0.673611 0.052083 0.069444
1 0.663542 0.625000 0.052083 0.069444
1 0.358333 0.597222 0.052083 0.069444
1 0.200000 0.430556 0.052083 0.069444
1 -0.001042 0.381944 0.052083 0.069444
2 0.510417 0.212500 0.031250 0.041667
1 0.668750 0.097222 0.052083 0.069444
1 0.091667 0.062500 0.052083 0.069444
2 0.946875 0.016667 0.031250 0.041667
2 0.094792 -0.020833 0.031250 0.041667
3 0.306250 0.916667 0.333333 0.166667