0 0.348958 0.938889 0.052083 0.069444
2 0.148958 0.637500 0.031250 0.041667
2 0.984375 0.629167 0.031250 0.041667
2 0.518750 0.520833 0.031250 0.041667
2 0.689583 0.487500 0.031250 0.041667
1 0.555208 0.805556 0.052083 0.069444
1 0.835417 0.777778 0.052083 0.069444
1 0.000000 0.750000 0.052083 0.069444
1 0.092708 0.680556 0.052083 0.069444
2 0.086458 0.362500 0.031250 0.041667
2 0.418750 0.350000 0.031250 0.041667
1 0.448958 0.548611 0.052083 0.069444
1 0.378125 0.479167 0.052083 0.069444
1 0.102083 0.472222 0.052083 0.069444
2 0.635417 0.270833 0.031250 0.041667
1 0.582292 0.291667 0.052083 0.069444
2 0.426042 0.116667 0.031250 0.041667
1 0.630208 0.138889 0.052083 0.069444
2 0.561458 0.075000 0.031250 0.041667
1 0.073958 0.020833 0.052083 0.069444
2 0.840625 -0.020833 0.031250 0.041667