0 0.703125 0.913889 0.052083 0.069444
2 0.279167 0.837500 0.031250 0.041667
1 0.277083 1.000000 0.052083 0.069444
1 0.593750 0.979167 0.052083 0.069444
1 0.935417 0.958333 0.052083 0.069444
1 0.007292 0.833333 0.052083 0.069444
1 0.443750 0.756944 0.052083 0.069444
2 0.038542 0.450000 0.031250 0.041667
1 0.505208 0.687500 0.052083 0.069444
2 0.088542 0.362500 0.031250 0.041667
1 0.133333 0.548611 0.052083 0.069444
1 -0.019792 0.534722 0.052083 0.069444
1 0.403125 0.486111 0.052083 0.069444
1 0.584375 0.465278 0.052083 0.069444
1 0.834375 0.430556 0.052083 0.069444
2 0.621875 0.250000 0.031250 0.041667
2 0.160417 0.229167 0.031250 0.041667
2 0.921875 0.225000 0.031250 0.041667
1 0.779167 0.138889 0.052083 0.069444
2 0.362500 0.075000 0.031250 0.041667