0 0.796875 0.763889 0.052083 0.069444
2 0.411458 0.900000 0.031250 0.041667
2 0.802083 0.583333 0.031250 0.041667
1 1.004167 0.826389 0.052083 0.069444
2 0.760417 0.466667 0.031250 0.041667
2 0.309375 0.404167 0.031250 0.041667
1 0.469792 0.625000 0.052083 0.069444
1 0.682292 0.597222 0.052083 0.069444
1 0.072917 0.534722 0.052083 0.069444
2 0.739583 0.308333 0.031250 0.041667
1 0.982292 0.500000 0.052083 0.069444
1 0.134375 0.479167 0.052083 0.069444
1 0.597917 0.368056 0.052083 0.069444
2 0.464583 0.195833 0.031250 0.041667
2 0.546875 0.112500 0.031250 0.041667
1 0.684375 0.041667 0.052083 0.069444
2 0.972917 -0.020833 0.031250 0.041667