0 0.348958 0.965278 0.052083 0.069444
2 0.853125 0.895833 0.031250 0.041667
1 0.900000 0.916667 0.052083 0.069444
1 0.487500 0.715278 0.052083 0.069444
1 0.646875 0.618056 0.052083 0.069444
1 0.541667 0.555556 0.052083 0.069444
1 0.202083 0.541667 0.052083 0.069444
1 0.588542 0.416667 0.052083 0.069444
1 0.785417 0.368056 0.052083 0.069444
1 0.998958 0.354167 0.052083 0.069444
1 0.330208 0.319444 0.052083 0.069444
1 0.557292 0.097222 0.052083 0.069444
1 0.509375 -0.006944 0.052083 0.069444
1 0.266667 -0.020833 0.052083 0.069444
1 0.182292 -0.027778 0.052083 0.069444