0 0.536458 0.965278 0.052083 0.069444
2 0.803125 0.616667 0.031250 0.041667
2 0.236458 0.604167 0.031250 0.041667
1 0.727083 0.993056 0.052083 0.069444
2 0.603125 0.541667 0.031250 0.041667
1 0.077083 0.881944 0.052083 0.069444
1 0.303125 0.763889 0.052083 0.069444
2 0.427083 0.445833 0.031250 0.041667
1 0.287500 0.722222 0.052083 0.069444
2 0.514583 0.429167 0.031250 0.041667
1 0.720833 0.451389 0.052083 0.069444
2 0.869792 0.129167 0.031250 0.041667
1 0.221875 0.131944 0.052083 0.069444
1 0.662500 0.125000 0.052083 0.069444
1 0.703125 0.097222 0.052083 0.069444
2 0.253125 0.041667 0.031250 0.041667
1 0.860417 0.055556 0.052083 0.069444
1 0.877083 0.020833 0.052083 0.069444
2 0.879167 -0.004167 0.031250 0.041667
3 0.435417 0.916667 0.333333 0.166667