0 0.557292 0.965278 0.052083 0.069444
2 0.753125 0.775000 0.031250 0.041667
2 0.609375 0.766667 0.031250 0.041667
1 0.662500 0.986111 0.052083 0.069444
1 0.280208 0.798611 0.052083 0.069444
1 -0.006250 0.645833 0.052083 0.069444
2 0.555208 0.320833 0.031250 0.041667
1 0.218750 0.520833 0.052083 0.069444
1 0.229167 0.486111 0.052083 0.069444
2 0.089583 0.154167 0.031250 0.041667
1 0.446875 0.236111 0.052083 0.069444
2 0.389583 0.054167 0.031250 0.041667
1 0.331250 0.069444 0.052083 0.069444
1 0.608333 0.048611 0.052083 0.069444