0 0.911458 0.965278 0.052083 0.069444
2 0.571875 0.754167 0.031250 0.041667
2 0.356250 0.662500 0.031250 0.041667
1 0.611458 0.958333 0.052083 0.069444
1 0.403125 0.833333 0.052083 0.069444
1 0.285417 0.819444 0.052083 0.069444
1 0.306250 0.798611 0.052083 0.069444
1 -0.004167 0.659722 0.052083 0.069444
1 0.260417 0.576389 0.052083 0.069444
1 0.901042 0.361111 0.052083 0.069444
1 0.132292 0.326389 0.052083 0.069444
2 0.107292 0.104167 0.031250 0.041667
2 0.939583 0.037500 0.031250 0.041667
3 0.833333 0.916667 0.333333 0.166667