0 0.338542 0.938889 0.052083 0.069444
2 0.034375 0.812500 0.031250 0.041667
2 0.435417 0.729167 0.031250 0.041667
1 0.444792 1.000000 0.052083 0.069444
2 0.754167 0.587500 0.031250 0.041667
2 0.389583 0.558333 0.031250 0.041667
1 0.597917 0.909722 0.052083 0.069444
1 0.657292 0.729167 0.052083 0.069444
1 0.708333 0.708333 0.052083 0.069444
1 0.119792 0.652778 0.052083 0.069444
1 0.643750 0.631944 0.052083 0.069444
1 0.566667 0.583333 0.052083 0.069444
1 0.187500 0.430556 0.052083 0.069444
1 0.845833 0.402778 0.052083 0.069444
1 0.864583 0.326389 0.052083 0.069444
2 0.041667 0.075000 0.031250 0.041667
2 0.507292 0.062500 0.031250 0.041667
1 0.320833 0.090278 0.052083 0.069444
2 0.196875 0.000000 0.031250 0.041667
1 0.347917 -0.020833 0.052083 0.069444