0 0.755208 0.722222 0.052083 0.069444
2 0.580208 0.608333 0.031250 0.041667
1 0.307292 0.902778 0.052083 0.069444
1 0.565625 0.895833 0.052083 0.069444
1 0.152083 0.791667 0.052083 0.069444
2 0.823958 0.470833 0.031250 0.041667
1 0.488542 0.680556 0.052083 0.069444
2 0.882292 0.362500 0.031250 0.041667
1 0.238542 0.555556 0.052083 0.069444
2 0.230208 0.225000 0.031250 0.041667
1 0.357292 0.277778 0.052083 0.069444
1 0.592708 0.270833 0.052083 0.069444
1 0.587500 0.243056 0.052083 0.069444
1 0.627083 0.152778 0.052083 0.069444
1 0.855208 0.138889 0.052083 0.069444
1 0.193750 0.000000 0.052083 0.069444